6.142 0.162813 0.0 0.0 103.549 191.794 0.0 0.0 0.0 -0.0 0.0 0.0 0.4 0.162813 0.0 0.0 0.0 19693 Student Female Fair Neutral 1
6.143 0.162787 0.0 0.0 55.9987 17.4182 0.0 71.3007 94.2536 -0.0 0.0 0.0 0.2 0.162787 0.0 0.0 20.77159627408447 19693 Student Female Fair Neutral 1
5.008 0.199681 0.0 0.0 38.139 12.779599999999999 0.0 2030.15 2198.68 -0.0 0.0 0.0 0.0 0.199681 0.0 0.0 25.47921398494322 19693 Student Female Fair Neutral 1
5.283 0.378573 0.0 0.0 18.9286 32.5573 0.0 2087.07 2341.47 -0.0 0.0 0.0 0.0 0.378573 0.0 0.0 28.983539619752456 19693 Student Female Fair Neutral 1
5.029 0.397693 0.0 0.0 20.0835 42.752 0.0 2192.48 2459.73 -0.0 0.0 0.0 0.0 0.397693 0.0 0.0 0.0 19693 Student Female Fair Neutral 1
7.739999999999999 0.258398 0.0 0.0 153.101 163.824 0.0 0.0 0.0 -0.0 0.0 0.0 0.6 0.258398 0.0 0.0 0.0 19693 Student Female Fair Amusement 1
8.335 0.119976 0.0 0.0 0.359928 1.07978 0.0 0.0 0.0 -0.0 0.0 0.0 0.0 0.119976 0.0 0.0 0.0 19693 Student Female Fair Amusement 1
6.09 0.0 0.0 0.0 29.7209 46.3054 0.0 0.0 0.0 -0.0 0.0 0.0 0.4 0.0 0.0 0.0 0.0 19693 Student Female Fair Amusement 1
6.495000000000001 0.0 0.0 0.0 12.3172 9.85373 0.0 0.0 0.0 -0.0 0.0 0.0 0.4 0.0 0.0 0.0 0.0 19693 Student Female Fair Amusement 1
9.665 0.0 0.0 0.0 2.58665 4.44904 0.0 0.0 0.0 -0.0 0.0 0.0 0.0 0.0 0.0 0.0 0.0 19693 Student Female Fair Amusement 1
5.34 0.0 0.0 0.0 1.87266 9.55056 0.0 0.0 0.0 -0.0 0.0 0.0 0.0 0.0 0.0 0.0 0.0 19693 Student Female Fair Amusement 1
5.655 0.0 0.0 0.0 1.76835 17.153 0.0 0.0 0.0 -0.0 0.0 0.0 0.0 0.0 0.0 0.0 0.0 19693 Student Female Fair Amusement 1
5.07 0.0 0.0 0.0 4.33925 27.2189 0.0 0.0 0.0 -0.0 0.0 0.0 0.0 0.0 0.0 0.0 0.0 19693 Student Female Fair Amusement 1
5.544 0.0 0.0 0.0 0.180375 2.1645 0.0 0.0 0.0 -0.0 0.0 0.0 0.6 0.0 0.0 0.0 0.0 19693 Student Female Fair Amusement 1
10.451 0.0 0.382738 0.0 5.07129 14.0656 0.0 46.3114 82.8629 -0.0 0.0 0.0 0.0 0.0 0.0 0.0 0.0 19693 Student Female Fair Amusement 1
5.215 0.0 0.0 0.0 0.767018 22.8188 0.0 92.8092 166.059 -0.0 0.0 0.0 0.0 0.0 0.0 0.0 0.0 19693 Student Female Fair Amusement 1
12.865000000000002 0.0 0.0 0.0 3.4978599999999997 22.9304 0.0 37.6215 67.3144 -0.0 0.0 0.0 0.0 0.0 0.0 0.0 0.0 19693 Student Female Fair Amusement 1
6.924999999999999 0.0 0.0 0.0 26.7148 30.3249 0.0 69.8917 125.054 -0.0 0.0 0.0 0.0 0.0 0.0 0.0 0.0 19693 Student Female Fair Amusement 1
5.385 0.185701 0.0 0.0 23.9554 30.455 0.0 89.8793 160.817 -0.0 0.0 0.0 0.2 0.185701 0.0 0.0 0.0 19693 Student Female Fair Amusement 1
5.715 0.174978 0.0 0.0 55.4681 71.916 0.0 84.6894 151.531 -0.0 0.0 0.0 0.8 0.174978 0.0 0.0 0.0 19693 Student Female Fair Amusement 1
15.02 0.0 0.0 0.0 0.0 0.0 0.0 32.2237 57.6565 -0.0 0.0 0.0 3.8 0.0 0.0 0.0 0.0 19693 Student Female Fair Amusement 1
5.275 0.0 0.0 0.189573 0.0 0.0 0.0 23942.7 12478.9 -0.0 0.0 0.0 0.2 0.0 0.0 0.0 38.703330356003576 19693 Student Female Fair Amusement 1
5.14 0.0 0.0 0.194553 0.0 0.0 0.0 25625.5 13958.4 -0.0 0.0 0.0 0.0 0.0 0.0 0.0 74.47467143039428 19693 Student Female Fair Amusement 1
5.105 0.0 0.0 0.0 0.0 0.0 0.0 26708.099999999995 14996.3 -0.0 0.0 0.0 0.0 0.0 0.0 0.0 39.99208880949343 19693 Student Female Fair Amusement 1
6.260000000000001 0.0 0.0 0.0 0.0 0.0 0.0 22505.1 12816.5 -0.0 0.0 0.0 0.6 0.0 0.0 0.0 16.30669899196121 19693 Student Female Fair Amusement 1
5.28 0.0 0.0 0.189394 0.0 0.0 0.0 28068.6 16691.3 -0.0 0.0 0.0 0.0 0.0 0.0 0.0 53.166517800178646 19693 Student Female Fair Amusement 1
5.005 0.0 0.0 0.19980000000000003 0.0 0.0 0.0 30505.9 18687.9 -0.0 0.0 0.0 0.0 0.0 0.0 0.0 40.791119050657144 19693 Student Female Fair Amusement 1
5.086 0.0 0.0 0.0 0.0 0.0 0.0 31148.6 19375.9 -0.0 0.0 0.0 0.0 0.0 0.0 0.0 40.14163583003701 19693 Student Female Fair Amusement 1
5.624 0.0 0.0 0.177809 0.0 0.0 0.0 28828.899999999998 18386.4 -0.0 0.0 0.0 0.0 0.0 0.0 0.0 72.60303687635574 19693 Student Female Fair Amusement 1
5.131 0.0 0.0 0.194894 0.0 0.0 0.0 32996.9 21304.0 -0.0 0.0 0.0 0.0 0.0 0.0 0.0 54.71047594742886 19693 Student Female Fair Amusement 1
5.034 0.0 0.0 0.397298 0.0 0.0 0.0 34702.2 22739.4 -0.0 0.0 0.0 0.0 0.0 0.0 0.0 60.83424779890264 19693 Student Female Fair Amusement 1
6.944999999999999 0.0 0.0 0.0 0.0 0.0 0.0 25518.6 16850.4 -0.0 0.0 0.0 0.8 0.0 0.0 0.0 29.396707923950494 19693 Student Female Fair Amusement 1
5.105 0.0 0.0 0.0 0.0 0.0 0.0 36259.9 24768.9 -0.0 0.0 0.0 0.0 0.0 0.0 0.0 94.98124282250862 19693 Student Female Fair Amusement 1
5.06 0.197628 0.0 0.0 49.2095 36.9565 0.0 36778.9 25248.2 -0.0 0.0 0.0 0.0 0.197628 0.0 0.0 25.217353579175704 19693 Student Female Fair Amusement 1
5.065 0.394867 0.0 0.0 42.843 67.7196 0.0 36742.5 25223.3 -0.0 0.0 0.0 0.0 0.394867 0.0 0.0 0.0 19693 Student Female Fair Amusement 1
7.615999999999999 0.262605 0.0 0.0 188.55 117.25300000000001 0.0 0.0 0.0 -0.0 0.0 0.0 0.8 0.262605 0.0 0.0 0.0 19693 Student Female Fair Happy 1
5.649 0.177022 0.0 0.0 0.0 0.354045 0.0 0.0 0.0 -0.0 0.0 0.0 0.0 0.177022 0.0 0.0 0.0 19693 Student Female Fair Happy 1
6.094 0.0 0.0 0.0 48.9006 73.679 0.0 0.0 0.0 -0.0 0.0 0.0 0.8 0.0 0.0 0.0 0.0 19693 Student Female Fair Happy 1
5.251 0.0 0.0 0.0 28.3755 29.3277 0.0 0.0 0.0 -0.0 0.0 0.0 0.0 0.0 0.0 0.0 0.0 19693 Student Female Fair Happy 1
5.847 0.0 0.0 0.0 6.670090000000001 6.84112 0.0 0.0 0.0 -0.0 0.0 0.0 0.4 0.0 0.0 0.0 0.0 19693 Student Female Fair Happy 1
5.551 0.0 0.0 0.0 0.720591 5.94487 0.0 0.0 0.0 -0.0 0.0 0.0 0.0 0.0 0.0 0.0 0.0 19693 Student Female Fair Happy 1
5.201 0.0 0.0 0.0 0.769083 2.30725 0.0 0.0 0.0 -0.0 0.0 0.0 0.0 0.0 0.0 0.0 0.0 19693 Student Female Fair Happy 1
7.263999999999999 0.0 0.0 0.0 8.39758 30.011 0.0 0.0 0.0 -0.0 0.0 0.0 0.0 0.0 0.0 0.0 0.0 19693 Student Female Fair Happy 1
5.545 0.0 0.0 0.0 2.16411 5.04959 0.0 0.0 0.0 -0.0 0.0 0.0 0.0 0.0 0.0 0.0 0.0 19693 Student Female Fair Happy 1
5.41 0.184843 0.0 0.0 19.7782 17.9298 0.0 0.0 0.0 -0.0 0.0 0.0 0.0 0.184843 0.0 0.0 0.0 19693 Student Female Fair Happy 1
5.965 0.167645 0.0 0.0 23.9732 84.4929 0.0 0.0 0.0 -0.0 0.0 0.0 0.4 0.167645 0.0 0.0 0.0 19693 Student Female Fair Happy 1
5.04 0.0 0.0 0.0 0.0 0.0 0.0 102.183 134.921 -0.0 0.0 0.0 0.0 0.0 0.0 0.0 20.253949215260942 19693 Student Female Fair Happy 1
5.517 0.0 0.0 0.181258 0.0 0.0 0.0 737.901 1037.7 -0.0 0.0 0.0 0.0 0.0 0.0 0.0 37.00548679341585 19693 Student Female Fair Happy 1
5.103 0.0 0.0 3.33137 0.0 0.0 0.0 10082.3 2211.44 -0.0 0.0 0.0 0.0 0.0 0.0 0.0 50.0096975883629 19693 Student Female Fair Happy 1
5.485 0.0 0.0 0.0 0.0 0.0 0.0 10004.0 2837.01 -0.0 0.0 0.0 0.2 0.0 0.0 0.0 27.916039300752843 19693 Student Female Fair Happy 1
8.801 0.0 0.0 0.0 0.0 0.113623 0.0 6756.05 2413.02 -0.0 0.0 0.0 0.0 0.0 0.0 0.0 31.89638892433329 19693 Student Female Fair Happy 1
5.14 0.194553 0.0 0.0 66.537 73.7354 0.0 11568.1 4131.71 -0.0 0.0 0.0 0.0 0.194553 0.0 0.0 0.0 19693 Student Female Fair Happy 1
5.154 0.388048 0.0 0.0 55.10280000000001 73.7291 0.0 11536.7 4120.49 -0.0 0.0 0.0 0.0 0.388048 0.0 0.0 0.0 19693 Student Female Fair Happy 1
5.35 0.186916 0.0 0.0 146.916 252.523 0.0 0.0 0.0 -0.0 0.0 0.0 0.0 0.186916 0.0 0.0 0.0 19693 Student Female Fair Inspiring 1
7.501 0.266631 0.0 0.0 0.133316 0.266631 0.0 0.0 0.0 -0.0 0.0 0.0 1.2 0.266631 0.0 0.0 0.0 19693 Student Female Fair Inspiring 1
6.939000000000001 0.0 0.0 0.0 54.4747 76.3799 0.0 0.0 0.0 -0.0 0.0 0.0 0.0 0.0 0.0 0.0 0.0 19693 Student Female Fair Inspiring 1
5.165 0.0 0.0 0.0 5.80833 25.9439 0.0 0.0 0.0 -0.0 0.0 0.0 0.0 0.0 0.0 0.0 0.0 19693 Student Female Fair Inspiring 1
7.435 0.0 0.0 0.0 0.403497 2.82448 0.0 0.0 0.0 -0.0 0.0 0.0 0.0 0.0 0.0 0.0 0.0 19693 Student Female Fair Inspiring 1
6.609 0.0 0.0 0.0 2.72356 15.282199999999998 0.0 0.0 0.0 -0.0 0.0 0.0 0.0 0.0 0.0 0.0 0.0 19693 Student Female Fair Inspiring 1
5.002 0.0 0.0 0.0 22.591 81.7673 0.0 0.0 0.0 -0.0 0.0 0.0 0.0 0.0 0.0 0.0 0.0 19693 Student Female Fair Inspiring 1
5.039 0.39690400000000003 0.0 0.0 17.0669 118.27700000000002 0.0 0.0 0.0 -0.0 0.0 0.0 0.0 0.39690400000000003 0.0 0.0 0.0 19693 Student Female Fair Inspiring 1
13.41 0.0 0.0 0.0 0.0 0.0 0.0 0.0 0.0 -0.0 0.0 0.0 2.8000000000000003 0.0 0.0 0.0 0.0 19693 Student Female Fair Inspiring 1
5.38 0.0 0.0 0.0 0.0 0.0 0.0 799.071 875.465 -0.0 0.0 0.0 0.0 0.0 0.0 0.0 66.4088299094041 19693 Student Female Fair Inspiring 1
5.104 0.0 0.0 0.0 0.0 0.0 0.0 1508.42 2024.8800000000003 -0.0 0.0 0.0 0.0 0.0 0.0 0.0 100.0 19693 Student Female Fair Inspiring 1
5.041 0.0 0.0 0.0 0.0 0.0 0.0 2542.75 3049.0 -0.0 0.0 0.0 0.0 0.0 0.0 0.0 60.74977670026796 19693 Student Female Fair Inspiring 1
6.343999999999999 0.0 0.0 0.0 0.0 0.0 0.0 2500.63 3161.41 -0.0 0.0 0.0 0.2 0.0 0.0 0.0 68.38586193696568 19693 Student Female Fair Inspiring 1
5.252 0.0 0.0 0.0 53.88420000000001 58.8347 0.0 3338.5399999999995 4165.84 -0.0 0.0 0.0 0.0 0.0 0.0 0.0 4.8591042490749015 19693 Student Female Fair Inspiring 1
7.469 0.133887 0.0 0.0 0.0 0.0 0.0 2347.57 2929.31 -0.0 0.0 0.0 1.4000000000000001 0.133887 0.0 0.0 0.0 19693 Student Female Fair Inspiring 1
5.015 0.0 0.0 0.0 2.19342 41.4756 0.0 3496.3099999999995 4362.71 -0.0 0.0 0.0 0.0 0.0 0.0 0.0 0.0 19693 Student Female Fair Inspiring 1
5.021 0.19916400000000004 0.0 0.0 50.5875 45.011 0.0 3492.13 4357.5 -0.0 0.0 0.0 0.0 0.19916400000000004 0.0 0.0 0.0 19693 Student Female Fair Inspiring 1
5.004 0.19984 0.0 0.0 19.5843 44.5643 0.0 3504.0 4372.3 -0.0 0.0 0.0 0.0 0.19984 0.0 0.0 0.0 19693 Student Female Fair Inspiring 1
5.15 0.38835 0.0 0.0 13.2039 46.4078 0.0 3404.66 4248.35 -0.0 0.0 0.0 0.0 0.38835 0.0 0.0 0.0 19693 Student Female Fair Inspiring 1
5.346 0.0 0.0 0.0 70.333 130.378 0.187056 0.0 0.0 -0.0 0.0 0.0 0.0 0.0 0.0 0.0 0.0 19693 Student Female Fair Surprise 1
5.063 0.197511 0.0 0.0 0.197511 0.197511 0.0 0.0 0.0 -0.0 0.0 0.0 0.0 0.197511 0.0 0.0 0.0 19693 Student Female Fair Surprise 1
9.39 0.0 0.0 0.0 31.6294 79.7657 0.0 0.0 0.0 -0.0 0.0 0.0 0.0 0.0 0.0 0.0 0.0 19693 Student Female Fair Surprise 1
10.066 0.0 0.0 0.0 26.4256 29.505300000000002 0.0 0.0 0.0 -0.0 0.0 0.0 0.0 0.0 0.0 0.0 0.0 19693 Student Female Fair Surprise 1
6.205 0.0 0.0 0.0 5.64061 27.3973 0.0 0.0 0.0 -0.0 0.0 0.0 0.0 0.0 0.0 0.0 0.0 19693 Student Female Fair Surprise 1
5.219 0.0 0.0 0.0 1.53286 26.0586 0.0 0.0 0.0 -0.0 0.0 0.0 0.0 0.0 0.0 0.0 0.0 19693 Student Female Fair Surprise 1
5.236 0.0 0.0 0.0 3.2467500000000005 21.0084 0.0 0.0 0.0 -0.0 0.0 0.0 0.0 0.0 0.0 0.0 0.0 19693 Student Female Fair Surprise 1
5.609 0.0 0.0 0.0 16.4022 64.8957 0.0 0.0 0.0 -0.0 0.0 0.0 0.0 0.0 0.0 0.0 0.0 19693 Student Female Fair Surprise 1
5.041 0.0 0.0 0.0 1.9837299999999998 35.1121 0.0 0.0 0.0 -0.0 0.0 0.0 0.0 0.0 0.0 0.0 0.0 19693 Student Female Fair Surprise 1
17.515 0.0 0.0 0.0 0.11418800000000001 0.342564 0.0 0.0 0.0 -0.0 0.0 0.0 0.0 0.0 0.0 0.0 0.0 19693 Student Female Fair Surprise 1
5.349 0.0 0.0 0.0 18.1342 78.5193 0.0 0.0 0.0 -0.0 0.0 0.0 0.0 0.0 0.0 0.0 0.0 19693 Student Female Fair Surprise 1
5.103 0.391926 0.0 0.0 47.619 105.232 0.0 0.0 0.0 -0.0 0.0 0.0 0.0 0.391926 0.0 0.0 0.0 19693 Student Female Fair Surprise 1
9.173 0.0 0.0 0.0 0.0 0.0 0.0 0.0 0.0 -0.0 0.0 0.0 1.7999999999999998 0.0 0.0 0.0 0.0 19693 Student Female Fair Surprise 1
5.13 0.0 0.0 0.0 0.0 0.0 0.0 828.265 956.335 -0.0 0.0 0.0 0.0 0.0 0.0 0.0 29.847900982518823 19693 Student Female Fair Surprise 1
5.117 0.0 0.0 0.0 0.0 0.0 0.0 1999.61 1972.8400000000001 -0.0 0.0 0.0 0.0 0.0 0.0 0.0 69.82212581344903 19693 Student Female Fair Surprise 1
5.688 0.0 0.0 0.0 1.05485 0.703235 0.0 2525.32 2555.38 -0.0 0.0 0.0 0.0 0.0 0.0 0.0 31.40640551231339 19693 Student Female Fair Surprise 1
11.211 0.0 0.0 0.0 20.1588 12.7553 0.0 1281.24 1296.49 -0.0 0.0 0.0 0.0 0.0 0.0 0.0 0.0 19693 Student Female Fair Surprise 1
5.013 0.19948100000000002 0.0 0.0 64.4325 38.3004 0.0 2865.35 2899.46 -0.0 0.0 0.0 0.0 0.19948100000000002 0.0 0.0 0.0 19693 Student Female Fair Surprise 1
5.895 0.339271 0.0 0.0 45.123 19.3384 0.0 2436.64 2465.65 -0.0 0.0 0.0 0.0 0.339271 0.0 0.0 0.0 19693 Student Female Fair Surprise 1
5.01 0.399202 0.0 0.0 36.1277 32.3353 0.0 2867.07 2901.2 -0.0 0.0 0.0 0.0 0.399202 0.0 0.0 0.0 19693 Student Female Fair Surprise 1
5.185 0.385728 0.0 0.0 10.0289 36.837 0.0 2770.3 2803.28 -0.0 0.0 0.0 0.0 0.385728 0.0 0.0 0.0 19693 Student Female Fair Surprise 1
5.384 0.371471 0.0 0.0 404.903 128.343 0.0 0.0 0.0 -0.0 0.0 0.0 0.4 0.371471 0.0 0.0 0.0 19693 Student Female Fair Sadness 1
7.885000000000001 0.126823 0.0 0.0 0.0 0.0 0.0 0.0 0.0 -0.0 0.0 0.0 2.0 0.126823 0.0 0.0 0.0 19693 Student Female Fair Sadness 1
17.844 0.0 0.0 0.0 3.02623 12.161 0.0 0.0 0.0 -0.0 0.0 0.0 0.0 0.0 0.0 0.0 0.0 19693 Student Female Fair Sadness 1
5.996 0.0 0.0 0.0 52.3682 34.523 0.0 0.0 0.0 -0.0 0.0 0.0 0.0 0.0 0.0 0.0 0.0 19693 Student Female Fair Sadness 1
13.36 0.0 0.0 0.0 0.748503 3.6676600000000006 0.0 0.0 0.0 -0.0 0.0 0.0 0.0 0.0 0.0 0.0 0.0 19693 Student Female Fair Sadness 1
10.2 0.0980392 0.0 0.0 6.17647 25.196099999999998 0.0 0.0 0.0 -0.0 0.0 0.0 0.0 0.0980392 0.0 0.0 0.0 19693 Student Female Fair Sadness 1
5.71 0.175131 0.0 0.0 9.63222 20.6655 0.0 126.095 244.483 -0.0 0.0 0.0 0.4 0.175131 0.0 0.0 26.816128620645653 19693 Student Female Fair Sadness 1
5.095 0.0 0.0 2.35525 0.0 0.0 0.0 7311.29 1721.3000000000002 -0.0 0.0 0.0 0.0 0.0 0.0 0.0 40.070690315171625 19693 Student Female Fair Sadness 1
8.168 0.0 0.0 0.0 0.12242900000000001 0.12242900000000001 0.0 4876.47 1449.31 -0.0 0.0 0.0 0.0 0.0 0.0 0.0 31.243843307388037 19693 Student Female Fair Sadness 1
5.007 0.19972 0.0 0.0 67.7052 110.04599999999999 0.0 7955.06 2364.29 -0.0 0.0 0.0 0.0 0.19972 0.0 0.0 0.0 19693 Student Female Fair Sadness 1
5.01 0.0 0.0 0.0 5.98802 17.9641 0.0 7950.3 2362.87 -0.0 0.0 0.0 0.0 0.0 0.0 0.0 0.0 19693 Student Female Fair Sadness 1
5.29 0.0 0.0 0.0 5.29301 4.34783 0.0 7529.49 2237.81 -0.0 0.0 0.0 0.4 0.0 0.0 0.0 0.0 19693 Student Female Fair Sadness 1
5.44 0.0 0.0 0.0 2.38971 1.65441 0.0 7321.87 2176.1 -0.0 0.0 0.0 0.4 0.0 0.0 0.0 0.0 19693 Student Female Fair Sadness 1
6.788999999999999 0.0 0.0 0.0 0.147297 0.0 0.0 5866.99 1743.7 -0.0 0.0 0.0 0.0 0.0 0.0 0.0 0.0 19693 Student Female Fair Sadness 1
5.758 0.0 0.0 0.0 1.38937 1.2157 0.0 6917.51 2055.92 -0.0 0.0 0.0 0.0 0.0 0.0 0.0 0.0 19693 Student Female Fair Sadness 1
5.003 0.19988000000000003 0.0 0.0 33.38 44.3734 0.0 7961.42 2366.18 -0.0 0.0 0.0 0.0 0.19988000000000003 0.0 0.0 0.0 19693 Student Female Fair Sadness 1
5.929 0.168663 0.0 0.0 18.3842 35.5878 0.0 6718.000000000001 1996.63 -0.0 0.0 0.0 0.0 0.168663 0.0 0.0 0.0 19693 Student Female Fair Sadness 1
5.012 0.0 0.0 0.0 12.3703 58.2602 0.0 7947.13 2361.93 -0.0 0.0 0.0 0.0 0.0 0.0 0.0 0.0 19693 Student Female Fair Sadness 1
5.113 0.19558 0.0 0.0 18.5801 92.9004 0.19558 7790.140000000001 2315.27 -0.0 0.0 0.0 0.0 0.19558 0.0 0.0 0.0 19693 Student Female Fair Sadness 1
5.005 0.0 0.0 0.0 408.591 142.857 0.0 0.0 0.0 -0.0 0.0 0.0 0.0 0.0 0.0 0.0 0.0 19693 Student Female Fair Sympathy 1
5.6 0.535714 0.0 0.0 5.35714 14.285700000000002 0.0 0.0 0.0 -0.0 0.0 0.0 0.2 0.535714 0.0 0.0 0.0 19693 Student Female Fair Sympathy 1
13.102 0.0 0.0 0.0 0.0 0.0763242 0.0 0.0 0.0 -0.0 0.0 0.0 0.0 0.0 0.0 0.0 0.0 19693 Student Female Fair Sympathy 1
6.798 0.0 0.0 0.0 0.0 0.882613 0.0 0.0 0.0 -0.0 0.0 0.0 0.0 0.0 0.0 0.0 0.0 19693 Student Female Fair Sympathy 1
5.425 0.0 0.0 0.0 66.5438 101.75100000000002 0.0 0.0 0.0 -0.0 0.0 0.0 0.0 0.0 0.0 0.0 0.0 19693 Student Female Fair Sympathy 1
6.845 0.0 0.0 0.0 1.31483 5.69759 0.0 0.0 0.0 -0.0 0.0 0.0 0.0 0.0 0.0 0.0 0.0 19693 Student Female Fair Sympathy 1
18.859 0.0 0.0 0.0 0.0 1.0605 0.0 0.0 0.0 -0.0 0.0 0.0 0.0 0.0 0.0 0.0 0.0 19693 Student Female Fair Sympathy 1
11.751 0.0850991 0.0 0.0 5.44634 12.5096 0.0 0.0 0.0 -0.0 0.0 0.0 0.0 0.0850991 0.0 0.0 0.0 19693 Student Female Fair Sympathy 1
6.268999999999999 0.159515 0.0 0.0 33.1791 30.786400000000004 0.0 271.016 460.201 -0.0 0.0 0.0 0.0 0.159515 0.0 0.0 44.779124665050404 19693 Student Female Fair Sympathy 1
5.861 0.0 0.0 0.170619 30.8821 48.9678 0.0 1262.58 1516.81 -0.0 0.0 0.0 0.0 0.0 0.0 0.0 4.354191654970014 19693 Student Female Fair Sympathy 1
5.04 0.0 0.0 0.0 13.095200000000002 18.0556 0.0 1468.25 1763.8899999999999 -0.0 0.0 0.0 0.0 0.0 0.0 0.0 0.0 19693 Student Female Fair Sympathy 1
5.237 0.381898 0.0 0.0 2.86424 25.5872 0.0 1413.02 1697.54 -0.0 0.0 0.0 0.0 0.381898 0.0 0.0 0.0 19693 Student Female Fair Sympathy 1
5.006 0.19976 0.0 0.0 10.5873 36.5561 0.0 1478.23 1775.8699999999997 -0.0 0.0 0.0 0.0 0.19976 0.0 0.0 0.0 19693 Student Female Fair Sympathy 1
5.09 0.392927 0.0 0.0 41.6503 103.143 0.0 1453.83 1746.56 -0.0 0.0 0.0 0.0 0.392927 0.0 0.0 0.0 19693 Student Female Fair Sympathy 1
5.705 0.175285 0.0 0.0 67.6599 120.947 0.0 0.0 0.0 -0.0 0.0 0.0 0.0 0.175285 0.0 0.0 0.0 19693 Student Female Fair Anger 1
5.155 0.0 0.0 0.0 7.37148 35.4995 0.0 0.0 0.0 -0.0 0.0 0.0 0.0 0.0 0.0 0.0 0.0 19693 Student Female Fair Anger 1
5.011 0.19956100000000002 0.0 0.0 14.568 20.9539 0.0 0.0 0.0 -0.0 0.0 0.0 0.0 0.19956100000000002 0.0 0.0 0.0 19693 Student Female Fair Anger 1
13.593 0.0735673 0.0 0.0 1.25064 2.64842 0.0 0.0 0.0 -0.0 0.0 0.0 2.0 0.0735673 0.0 0.0 0.0 19693 Student Female Fair Anger 1
5.092 0.0 0.0 0.0 0.0 1.96386 0.0 0.0 0.0 -0.0 0.0 0.0 0.0 0.0 0.0 0.0 0.0 19693 Student Female Fair Anger 1
5.267 0.0 0.0 0.0 94.3611 158.534 0.0 0.0 0.0 -0.0 0.0 0.0 0.0 0.0 0.0 0.0 0.0 19693 Student Female Fair Anger 1
5.147 0.0 0.0 0.0 32.8347 46.4348 0.0 0.0 0.0 -0.0 0.0 0.0 0.0 0.0 0.0 0.0 0.0 19693 Student Female Fair Anger 1
5.56 0.0 0.0 0.0 1.25899 2.69784 0.0 0.0 0.0 -0.0 0.0 0.0 0.0 0.0 0.0 0.0 0.0 19693 Student Female Fair Anger 1
5.154 0.0 0.0 0.0 2.91036 11.8355 0.0 0.0 0.0 -0.0 0.0 0.0 0.0 0.0 0.0 0.0 0.0 19693 Student Female Fair Anger 1
5.006 0.19976 0.0 0.0 63.1243 70.1159 0.0 0.0 0.0 -0.0 0.0 0.0 0.0 0.19976 0.0 0.0 0.0 19693 Student Female Fair Anger 1
5.012 0.0 0.0 0.0 2.99282 19.7526 0.0 0.0 0.0 -0.0 0.0 0.0 0.0 0.0 0.0 0.0 0.0 19693 Student Female Fair Anger 1
5.21 0.0 0.0 0.0 28.9827 23.6084 0.0 0.0 0.0 -0.0 0.0 0.0 0.0 0.0 0.0 0.0 0.0 19693 Student Female Fair Anger 1
5.014 0.0 0.0 0.0 7.1799 10.9693 0.0 0.0 0.0 -0.0 0.0 0.0 0.0 0.0 0.0 0.0 0.0 19693 Student Female Fair Anger 1
5.013 0.19948100000000002 0.0 0.0 6.18392 13.963699999999998 0.0 0.0 0.0 -0.0 0.0 0.0 0.0 0.19948100000000002 0.0 0.0 0.0 19693 Student Female Fair Anger 1
13.099 0.0763417 0.0 0.0 19.0091 22.7498 0.0 0.0 0.0 -0.0 0.0 0.0 2.0 0.0763417 0.0 0.0 0.0 19693 Student Female Fair Anger 1
5.012 0.0 0.0 0.0 0.0 0.0 0.0 795.491 989.026 -0.0 0.0 0.0 0.0 0.0 0.0 0.0 71.28493045808345 19693 Student Female Fair Anger 1
5.024 0.0 0.0 0.0 0.0 0.0 0.0 1616.84 1982.6800000000003 -0.0 0.0 0.0 0.0 0.0 0.0 0.0 76.19420696695164 19693 Student Female Fair Anger 1
5.007 0.0 0.0 0.0 56.5209 53.924499999999995 0.0 2069.7 2604.95 -0.0 0.0 0.0 0.0 0.0 0.0 0.0 30.58108970269236 19693 Student Female Fair Anger 1
5.037 0.0 0.0 0.0 38.7135 35.9341 0.0 2057.38 2589.44 -0.0 0.0 0.0 0.0 0.0 0.0 0.0 0.0 19693 Student Female Fair Anger 1
5.301 0.188644 0.0 0.0 9.80947 53.00889999999999 0.0 1954.9099999999999 2460.48 -0.0 0.0 0.0 0.0 0.188644 0.0 0.0 0.0 19693 Student Female Fair Anger 1
5.007 0.19972 0.0 0.0 56.1214 83.6828 0.0 2069.7 2604.95 -0.0 0.0 0.0 0.0 0.19972 0.0 0.0 0.0 19693 Student Female Fair Anger 1
5.015 0.199402 0.0 0.0 4.58624 4.78564 0.0 2066.4 2600.8 -0.0 0.0 0.0 0.0 0.199402 0.0 0.0 0.0 19693 Student Female Fair Anger 1
6.763 0.295727 0.0 0.0 56.63170000000001 102.765 0.0 0.0 0.0 -0.0 0.0 0.0 0.6 0.295727 0.0 0.0 0.0 19693 Student Female Fair Disgust 1
5.455 0.183318 0.0 0.0 0.0 0.366636 0.0 0.0 0.0 -0.0 0.0 0.0 0.0 0.183318 0.0 0.0 0.0 19693 Student Female Fair Disgust 1
22.606 0.0 0.0 0.0 0.0 0.265416 0.0 0.0 0.0 -0.0 0.0 0.0 0.0 0.0 0.0 0.0 0.0 19693 Student Female Fair Disgust 1
5.294 0.0 0.0 0.0 82.1685 112.39099999999999 0.0 0.0 0.0 -0.0 0.0 0.0 0.0 0.0 0.0 0.0 0.0 19693 Student Female Fair Disgust 1
6.236 0.0 0.0 0.0 6.89545 21.6485 0.0 0.0 0.0 -0.0 0.0 0.0 0.0 0.0 0.0 0.0 0.0 19693 Student Female Fair Disgust 1
6.14 0.0 0.0 0.0 2.28013 7.49186 0.0 0.0 0.0 -0.0 0.0 0.0 0.0 0.0 0.0 0.0 0.0 19693 Student Female Fair Disgust 1
9.494 0.0 0.0 0.0 0.0 0.8426369999999999 0.0 0.0 0.0 -0.0 0.0 0.0 0.0 0.0 0.0 0.0 0.0 19693 Student Female Fair Disgust 1
5.091 0.0 0.0 0.0 12.9641 64.0346 0.0 0.0 0.0 -0.0 0.0 0.0 0.0 0.0 0.0 0.0 0.0 19693 Student Female Fair Disgust 1
5.096 0.19623200000000002 0.0 0.0 8.43799 60.0471 0.0 0.0 0.0 -0.0 0.0 0.0 0.0 0.19623200000000002 0.0 0.0 0.0 19693 Student Female Fair Disgust 1
5.36 0.186567 0.0 0.0 0.186567 5.03731 0.0 0.0 0.0 -0.0 0.0 0.0 0.6 0.186567 0.0 0.0 0.0 19693 Student Female Fair Disgust 1
7.281 0.0 0.0 0.0 0.0 0.0 0.0 0.0 0.0 -0.0 0.0 0.0 2.0 0.0 0.0 0.0 0.0 19693 Student Female Fair Disgust 1
5.174 0.0 0.0 0.0 0.0 0.0 0.0 1258.41 957.48 -0.0 0.0 0.0 0.0 0.0 0.0 0.0 44.391221130534646 19693 Student Female Fair Disgust 1
5.02 0.0 0.0 0.0 0.0 0.0 0.0 1883.4700000000003 1913.9400000000003 -0.0 0.0 0.0 0.0 0.0 0.0 0.0 66.08753349495981 19693 Student Female Fair Disgust 1
5.375 0.0 0.0 0.186047 31.813999999999997 31.813999999999997 0.0 2441.3 2517.02 -0.0 0.0 0.0 0.0 0.0 0.0 0.0 42.731147122623454 19693 Student Female Fair Disgust 1
5.196 0.192456 0.0 0.0 38.2987 43.1101 0.0 2525.4 2603.73 -0.0 0.0 0.0 0.0 0.192456 0.0 0.0 0.0 19693 Student Female Fair Disgust 1
5.348 0.186986 0.0 0.0 9.91025 16.2678 0.0 2453.63 2529.73 -0.0 0.0 0.0 0.8 0.186986 0.0 0.0 0.0 19693 Student Female Fair Disgust 1
6.6000000000000005 0.30303 0.0 0.0 21.0606 27.5758 0.0 1988.1800000000003 2049.85 -0.0 0.0 0.0 0.4 0.30303 0.0 0.0 0.0 19693 Student Female Fair Disgust 1
5.001 0.39991999999999994 0.0 0.0 28.9942 24.995 0.0 2623.88 2705.26 -0.0 0.0 0.0 0.0 0.39991999999999994 0.0 0.0 0.0 19693 Student Female Fair Disgust 1
5.134 0.38956 0.0 0.0 298.792 137.709 0.0 0.0 0.0 -0.0 0.0 0.0 0.0 0.38956 0.0 0.0 0.0 19693 Student Female Fair Fear 1
7.919999999999999 0.252525 0.0 0.0 73.4848 22.2222 0.0 0.0 0.0 -0.0 0.0 0.0 1.0 0.252525 0.0 0.0 0.0 19693 Student Female Fair Fear 1
6.185 0.161681 0.0 0.0 51.25300000000001 77.2838 0.0 0.0 0.0 -0.0 0.0 0.0 0.0 0.161681 0.0 0.0 0.0 19693 Student Female Fair Fear 1
6.134 0.0 0.0 0.0 0.163026 1.14118 0.0 0.0 0.0 -0.0 0.0 0.0 0.0 0.0 0.0 0.0 0.0 19693 Student Female Fair Fear 1
6.142 0.0 0.0 0.0 0.48844 5.37284 0.0 0.0 0.0 -0.0 0.0 0.0 0.0 0.0 0.0 0.0 0.0 19693 Student Female Fair Fear 1
5.61 0.0 0.0 0.0 0.0 0.356506 0.0 0.0 0.0 -0.0 0.0 0.0 0.0 0.0 0.0 0.0 0.0 19693 Student Female Fair Fear 1
11.244 0.0 0.0 0.0 0.0889363 2.31234 0.0 0.0 0.0 -0.0 0.0 0.0 0.0 0.0 0.0 0.0 0.0 19693 Student Female Fair Fear 1
7.353 0.0 0.0 0.0 0.135999 0.679995 0.0 0.0 0.0 -0.0 0.0 0.0 0.8 0.0 0.0 0.0 0.0 19693 Student Female Fair Fear 1
5.003 0.0 0.0 0.0 84.1495 58.1651 0.0 0.0 0.0 -0.0 0.0 0.0 0.0 0.0 0.0 0.0 0.0 19693 Student Female Fair Fear 1
5.004 0.0 0.0 0.0 9.99201 24.1807 0.0 0.0 0.0 -0.0 0.0 0.0 0.0 0.0 0.0 0.0 0.0 19693 Student Female Fair Fear 1
5.291 0.0 0.0 0.0 4.158 12.474 0.0 0.0 0.0 -0.0 0.0 0.0 0.0 0.0 0.0 0.0 0.0 19693 Student Female Fair Fear 1
5.115 0.19550299999999998 0.0 0.0 8.79765 8.79765 0.0 0.0 0.0 -0.0 0.0 0.0 0.0 0.19550299999999998 0.0 0.0 0.0 19693 Student Female Fair Fear 1
11.086 0.0902039 0.0 0.0 8.74977 28.8652 0.0 0.0 0.0 -0.0 0.0 0.0 1.6 0.0902039 0.0 0.0 0.0 19693 Student Female Fair Fear 1
5.274 0.0 0.0 0.0 0.0 0.0 0.0 870.686 846.6060000000001 -0.0 0.0 0.0 0.0 0.0 0.0 0.0 43.549317340819194 19693 Student Female Fair Fear 1
5.809 0.0 0.0 0.0 35.2901 94.1642 0.0 894.646 907.902 -0.0 0.0 0.0 0.4 0.0 0.0 0.0 4.393186168176598 19693 Student Female Fair Fear 1
5.089 0.196502 0.0 0.0 1.37552 49.7151 0.0 1021.2200000000001 1036.35 -0.0 0.0 0.0 0.0 0.196502 0.0 0.0 0.0 19693 Student Female Fair Fear 1
5.102 0.392003 0.0 0.0 25.8722 52.9204 0.0 1018.6199999999999 1033.71 -0.0 0.0 0.0 0.0 0.392003 0.0 0.0 0.0 19693 Student Female Fair Fear 1
5.005 0.19980000000000003 0.0 0.0 9.59041 28.971000000000004 0.0 1038.36 1053.75 -0.0 0.0 0.0 0.0 0.19980000000000003 0.0 0.0 0.0 19693 Student Female Fair Fear 1
5.113 0.19558 0.0 0.0 29.5326 150.792 0.0 1016.43 1031.49 -0.0 0.0 0.0 0.0 0.19558 0.0 0.0 0.0 19693 Student Female Fair Fear 1
6.280000000000001 0.0 0.0 0.0 85.0318 216.401 0.0 0.0 0.0 -0.0 0.0 0.0 0.0 0.0 0.0 0.0 0.0 19693 Student Female Fair Neutral 1
5.062 0.395101 0.0 0.0 23.1134 48.3998 0.0 0.0 0.0 -0.0 0.0 0.0 0.0 0.395101 0.0 0.0 0.0 19693 Student Female Fair Neutral 1
5.153 0.194062 0.0 0.0 23.2874 39.3945 0.0 0.0 0.0 -0.0 0.0 0.0 0.0 0.194062 0.0 0.0 0.0 19693 Student Female Fair Neutral 1
5.006 0.19976 0.0 0.0 9.58849 44.3468 0.0 0.0 0.0 -0.0 0.0 0.0 0.0 0.19976 0.0 0.0 0.0 19693 Student Female Fair Neutral 1
