1.30000000000001 1.0 0.5358649789029536 0.004602991944764097 
1.30000000000001 0.95 0.5370157268891446 0.004602991944764097 
1.30000000000001 0.8999999999999999 0.5515918680475642 0.005370157268891446 
1.30000000000001 0.8499999999999999 0.5366321442270809 0.005370157268891446 
1.30000000000001 0.7999999999999998 0.551975450709628 0.005370157268891446 
1.30000000000001 0.7499999999999998 0.5607978519370924 0.004219409282700422 
1.30000000000001 0.6999999999999997 0.5611814345991561 0.004219409282700422 
1.30000000000001 0.6499999999999997 0.5393172228615266 0.005753739930955121 
1.30000000000001 0.5999999999999996 0.5500575373993095 0.004986574606827772 
1.30000000000001 0.5499999999999996 0.5320291522823168 0.004602991944764097 
1.30000000000001 0.4999999999999996 0.5174530111238972 0.005753739930955121 
1.30000000000001 0.4499999999999996 0.5381664748753356 0.006137322593018795 
1.30000000000001 0.39999999999999963 0.5270425776754891 0.00728807057920982 
1.30000000000001 0.34999999999999964 0.5209052550824703 0.010740314537782892 
1.30000000000001 0.29999999999999966 0.5228231683927886 0.008822401227464518 
1.30000000000001 0.24999999999999967 0.5090141925584963 0.015726889144610665 
1.30000000000001 0.19999999999999968 0.5243574990410433 0.01534330648254699 
1.30000000000001 0.1499999999999997 0.5159186804756425 0.01726121979286536 
1.30000000000001 0.09999999999999969 0.5086306098964327 0.02454929037207518 
1.30000000000001 0.049999999999999684 0.5205216724204066 0.028001534330648253 
