3.050000000000007 1.0 0.5450709627924818 0.0011507479861910242 
3.050000000000007 0.95 0.5450709627924818 0.0015343306482546988 
3.050000000000007 0.8999999999999999 0.555427694668201 0.0015343306482546988 
3.050000000000007 0.8499999999999999 0.5439202148062907 0.0011507479861910242 
3.050000000000007 0.7999999999999998 0.5446873801304181 0.0011507479861910242 
3.050000000000007 0.7499999999999998 0.5446873801304181 0.0015343306482546988 
3.050000000000007 0.6999999999999997 0.5443037974683544 0.0015343306482546988 
3.050000000000007 0.6499999999999997 0.5439202148062907 0.0015343306482546988 
3.050000000000007 0.5999999999999996 0.5443037974683544 0.0015343306482546988 
3.050000000000007 0.5499999999999996 0.5435366321442271 0.0015343306482546988 
3.050000000000007 0.4999999999999996 0.5446873801304181 0.0019179133103183737 
3.050000000000007 0.4499999999999996 0.5446873801304181 0.0019179133103183737 
3.050000000000007 0.39999999999999963 0.5435366321442271 0.0019179133103183737 
3.050000000000007 0.34999999999999964 0.5439202148062907 0.0019179133103183737 
3.050000000000007 0.29999999999999966 0.5435366321442271 0.0019179133103183737 
3.050000000000007 0.24999999999999967 0.5439202148062907 0.0019179133103183737 
3.050000000000007 0.19999999999999968 0.5443037974683544 0.0019179133103183737 
3.050000000000007 0.1499999999999997 0.5454545454545454 0.0019179133103183737 
3.050000000000007 0.09999999999999969 0.5454545454545454 0.0019179133103183737 
3.050000000000007 0.049999999999999684 0.5450709627924818 0.0019179133103183737 
