1.0000000000000098 1.0 0.5531261986958189 0.006137322593018795 
1.0000000000000098 0.95 0.5550441120061373 0.006137322593018795 
1.0000000000000098 0.8999999999999999 0.5431530494821634 0.007671653241273495 
1.0000000000000098 0.8499999999999999 0.5450709627924818 0.007671653241273495 
1.0000000000000098 0.7999999999999998 0.5619485999232835 0.005753739930955121 
1.0000000000000098 0.7499999999999998 0.5753739930955121 0.00728807057920982 
1.0000000000000098 0.6999999999999997 0.5776754890678941 0.00728807057920982 
1.0000000000000098 0.6499999999999997 0.5324127349443805 0.006137322593018795 
1.0000000000000098 0.5999999999999996 0.5086306098964327 0.009589566551591868 
1.0000000000000098 0.5499999999999996 0.5320291522823168 0.006904487917146145 
1.0000000000000098 0.4999999999999996 0.5093977752205601 0.009589566551591868 
1.0000000000000098 0.4499999999999996 0.5220560030686613 0.013425393172228616 
1.0000000000000098 0.39999999999999963 0.5297276563099348 0.012658227848101266 
1.0000000000000098 0.34999999999999964 0.5170694284618336 0.018411967779056387 
1.0000000000000098 0.29999999999999966 0.4856156501726122 0.02339854238588416 
1.0000000000000098 0.24999999999999967 0.5078634445723054 0.03145377828922133 
1.0000000000000098 0.19999999999999968 0.5005753739930955 0.037591100882240124 
1.0000000000000098 0.1499999999999997 0.5028768699654775 0.04449558879938627 
1.0000000000000098 0.09999999999999969 0.5021097046413502 0.05293440736478711 

1.0000000000000098 0.049999999999999684 0.4748753356348293 0.08937476026083621 

