3.9500000000000037 1.0 0.5174530111238972 0.0 
3.9500000000000037 0.95 0.5182201764480245 0.0 
3.9500000000000037 0.8999999999999999 0.520138089758343 0.0 
3.9500000000000037 0.8499999999999999 0.5450709627924818 7.671653241273494E-4 
3.9500000000000037 0.7999999999999998 0.5450709627924818 7.671653241273494E-4 
3.9500000000000037 0.7499999999999998 0.5450709627924818 7.671653241273494E-4 
3.9500000000000037 0.6999999999999997 0.5454545454545454 7.671653241273494E-4 
3.9500000000000037 0.6499999999999997 0.5462217107786728 7.671653241273494E-4 
3.9500000000000037 0.5999999999999996 0.5462217107786728 7.671653241273494E-4 
3.9500000000000037 0.5499999999999996 0.5454545454545454 7.671653241273494E-4 
3.9500000000000037 0.4999999999999996 0.5450709627924818 0.0011507479861910242 
3.9500000000000037 0.4499999999999996 0.5458381281166091 0.0011507479861910242 
3.9500000000000037 0.39999999999999963 0.5466052934407365 0.0011507479861910242 
3.9500000000000037 0.34999999999999964 0.5466052934407365 0.0011507479861910242 
3.9500000000000037 0.29999999999999966 0.5466052934407365 0.0011507479861910242 
3.9500000000000037 0.24999999999999967 0.5439202148062907 0.0011507479861910242 
3.9500000000000037 0.19999999999999968 0.5439202148062907 0.0011507479861910242 
3.9500000000000037 0.1499999999999997 0.5439202148062907 0.0011507479861910242 
3.9500000000000037 0.09999999999999969 0.5466052934407365 0.0011507479861910242 
3.9500000000000037 0.049999999999999684 0.5462217107786728 0.0011507479861910242 
