1.4500000000000102 1.0 0.5350978135788262 0.0038358266206367474 
1.4500000000000102 0.95 0.5350978135788262 0.004219409282700422 
1.4500000000000102 0.8999999999999999 0.5358649789029536 0.004219409282700422 
1.4500000000000102 0.8499999999999999 0.5354813962408899 0.004219409282700422 
1.4500000000000102 0.7999999999999998 0.5358649789029536 0.004602991944764097 
1.4500000000000102 0.7499999999999998 0.5366321442270809 0.004602991944764097 
1.4500000000000102 0.6999999999999997 0.5163022631377062 0.004602991944764097 
1.4500000000000102 0.6499999999999997 0.5600306866129651 0.004219409282700422 
1.4500000000000102 0.5999999999999996 0.5619485999232835 0.0038358266206367474 
1.4500000000000102 0.5499999999999996 0.5178365937859609 0.005370157268891446 
1.4500000000000102 0.4999999999999996 0.5523590333716916 0.005753739930955121 
1.4500000000000102 0.4499999999999996 0.569620253164557 0.0038358266206367474 
1.4500000000000102 0.39999999999999963 0.5504411200613732 0.005753739930955121 
1.4500000000000102 0.34999999999999964 0.5140007671653242 0.00652090525508247 
1.4500000000000102 0.29999999999999966 0.5140007671653242 0.00728807057920982 
1.4500000000000102 0.24999999999999967 0.5132336018411968 0.007671653241273495 
1.4500000000000102 0.19999999999999968 0.5132336018411968 0.009589566551591868 
1.4500000000000102 0.1499999999999997 0.5101649405446874 0.014192558496355964 
1.4500000000000102 0.09999999999999969 0.5347142309167625 0.011891062523973917 
1.4500000000000102 0.049999999999999684 0.5044112006137322 0.02032988108937476 
