0.6500000000000095 1.0 0.5239739163789797 0.010740314537782892 
0.6500000000000095 0.95 0.5166858457997698 0.011507479861910242 
0.6500000000000095 0.8999999999999999 0.508247027234369 0.011507479861910242 
0.6500000000000095 0.8499999999999999 0.5546605293440736 0.009973149213655544 
0.6500000000000095 0.7999999999999998 0.5535097813578826 0.011507479861910242 
0.6500000000000095 0.7499999999999998 0.5512082853855006 0.011891062523973917 
0.6500000000000095 0.6999999999999997 0.5477560414269275 0.014192558496355964 
0.6500000000000095 0.6499999999999997 0.5358649789029536 0.016494054468738015 
0.6500000000000095 0.5999999999999996 0.5312619869581895 0.018411967779056387 
0.6500000000000095 0.5499999999999996 0.5347142309167625 0.019179133103183737 
0.6500000000000095 0.4999999999999996 0.4890678941311853 0.03222094361334868 
0.6500000000000095 0.4499999999999996 0.5216724204065977 0.03413885692366705 
0.6500000000000095 0.39999999999999963 0.5324127349443805 0.0364403528960491 

0.6500000000000095 0.34999999999999964 0.5262754123513618 0.04526275412351362 
0.6500000000000095 0.29999999999999966 0.46528576908323743 0.10433448408131953 
0.6500000000000095 0.24999999999999967 0.44955887993862675 0.15304948216340622 
0.6500000000000095 0.19999999999999968 0.45761411584196393 0.16724204065976217 
0.6500000000000095 0.1499999999999997 0.4204065976217875 0.22477943996931338 
0.6500000000000095 0.09999999999999969 0.398542385884158 0.2504794783275796 
0.6500000000000095 0.049999999999999684 0.378596087456847 0.26620636747219023 
