1.9500000000000106 1.0 0.5446873801304181 0.0019179133103183737 
1.9500000000000106 0.95 0.5439202148062907 0.0019179133103183737 
1.9500000000000106 0.8999999999999999 0.5435366321442271 0.0023014959723820483 
1.9500000000000106 0.8499999999999999 0.5431530494821634 0.0023014959723820483 
1.9500000000000106 0.7999999999999998 0.542385884158036 0.0023014959723820483 
1.9500000000000106 0.7499999999999998 0.5420023014959724 0.0023014959723820483 
1.9500000000000106 0.6999999999999997 0.5443037974683544 0.002685078634445723 
1.9500000000000106 0.6499999999999997 0.520138089758343 0.0030686612965093976 
1.9500000000000106 0.5999999999999996 0.5193709244342156 0.0030686612965093976 
1.9500000000000106 0.5499999999999996 0.5163022631377062 0.0030686612965093976 
1.9500000000000106 0.4999999999999996 0.5170694284618336 0.0030686612965093976 
1.9500000000000106 0.4499999999999996 0.5193709244342156 0.002685078634445723 
1.9500000000000106 0.39999999999999963 0.5212888377445339 0.002685078634445723 
1.9500000000000106 0.34999999999999964 0.522439585730725 0.002685078634445723 
1.9500000000000106 0.29999999999999966 0.5228231683927886 0.0034522439585730723 
1.9500000000000106 0.24999999999999967 0.520138089758343 0.0030686612965093976 
1.9500000000000106 0.19999999999999968 0.5182201764480245 0.004986574606827772 
1.9500000000000106 0.1499999999999997 0.5163022631377062 0.004986574606827772 
1.9500000000000106 0.09999999999999969 0.5251246643651707 0.0038358266206367474 
1.9500000000000106 0.049999999999999684 0.5186037591100883 0.004219409282700422 
