1.8000000000000105 1.0 0.542385884158036 0.002685078634445723 
1.8000000000000105 0.95 0.5416187188339087 0.002685078634445723 
1.8000000000000105 0.8999999999999999 0.5385500575373993 0.0030686612965093976 
1.8000000000000105 0.8499999999999999 0.538933640199463 0.0030686612965093976 
1.8000000000000105 0.7999999999999998 0.5381664748753356 0.0030686612965093976 
1.8000000000000105 0.7499999999999998 0.5373993095512083 0.0034522439585730723 
1.8000000000000105 0.6999999999999997 0.5170694284618336 0.0030686612965093976 
1.8000000000000105 0.6499999999999997 0.5159186804756425 0.0030686612965093976 
1.8000000000000105 0.5999999999999996 0.5174530111238972 0.0034522439585730723 
1.8000000000000105 0.5499999999999996 0.520138089758343 0.0034522439585730723 
1.8000000000000105 0.4999999999999996 0.522439585730725 0.0030686612965093976 
1.8000000000000105 0.4499999999999996 0.5212888377445339 0.0030686612965093976 
1.8000000000000105 0.39999999999999963 0.522439585730725 0.0030686612965093976 
1.8000000000000105 0.34999999999999964 0.5228231683927886 0.0038358266206367474 
1.8000000000000105 0.29999999999999966 0.5220560030686613 0.0038358266206367474 
1.8000000000000105 0.24999999999999967 0.522439585730725 0.004986574606827772 
1.8000000000000105 0.19999999999999968 0.5228231683927886 0.004602991944764097 
1.8000000000000105 0.1499999999999997 0.522439585730725 0.0038358266206367474 
1.8000000000000105 0.09999999999999969 0.5638665132336018 0.007671653241273495 
1.8000000000000105 0.049999999999999684 0.5163022631377062 0.006904487917146145 
