0.45000000000000934 1.0 0.540084388185654 0.01304181051016494 
0.45000000000000934 0.95 0.510548523206751 0.018411967779056387 
0.45000000000000934 0.8999999999999999 0.5523590333716916 0.01380897583429229 
0.45000000000000934 0.8499999999999999 0.5350978135788262 0.018795550441120062 
0.45000000000000934 0.7999999999999998 0.5339470655926352 0.018411967779056387 
0.45000000000000934 0.7499999999999998 0.5358649789029536 0.019562715765247412 
0.45000000000000934 0.6999999999999997 0.49712313003452246 0.02531645569620253 
0.45000000000000934 0.6499999999999997 0.49405446873801306 0.03605677023398542 
0.45000000000000934 0.5999999999999996 0.5485232067510548 0.029535864978902954 
0.45000000000000934 0.5499999999999996 0.5293440736478712 0.037591100882240124 
0.45000000000000934 0.4999999999999996 0.4626006904487917 0.10241657077100115 
0.45000000000000934 0.4499999999999996 0.4813962408899118 0.1518987341772152 
0.45000000000000934 0.39999999999999963 0.4626006904487917 0.17491369390103567 
0.45000000000000934 0.34999999999999964 0.4173379363252781 0.20713463751438435 
0.45000000000000934 0.29999999999999966 0.43344840813195246 0.20560030686612965 
0.45000000000000934 0.24999999999999967 0.3037974683544304 0.44687380130418103 
0.45000000000000934 0.19999999999999968 0.3333333333333333 0.3686229382431914 
0.45000000000000934 0.1499999999999997 0.24510932105868816 0.5454545454545454 
0.45000000000000934 0.09999999999999969 0.19179133103183735 0.6363636363636364 

0.45000000000000934 0.049999999999999684 0.1611047180667434 0.694668200997315 

