0.2000000000000094 1.0 0.5182201764480245 0.024932873034138856 
0.2000000000000094 0.95 0.5397008055235903 0.024165707710011506 
0.2000000000000094 0.8999999999999999 0.5316455696202531 0.028768699654775604 
0.2000000000000094 0.8499999999999999 0.4948216340621404 0.03528960490985807 
0.2000000000000094 0.7999999999999998 0.5366321442270809 0.03452243958573072 
0.2000000000000094 0.7499999999999998 0.44533947065592633 0.12159570387418489 

0.2000000000000094 0.6999999999999997 0.46797084771768316 0.17798235519754507 
0.2000000000000094 0.6499999999999997 0.3471423091676256 0.3851169927119294 
0.2000000000000094 0.5999999999999996 0.30609896432681244 0.44955887993862675 
0.2000000000000094 0.5499999999999996 0.2930571538166475 0.47602608362102034 
0.2000000000000094 0.4999999999999996 0.26045262754123516 0.5017261219792866 

0.2000000000000094 0.4499999999999996 0.17031070195627157 0.633294975067127 
0.2000000000000094 0.39999999999999963 0.16263904871499807 0.6532412734944381 
0.2000000000000094 0.34999999999999964 0.16877637130801687 0.6248561565017261 
0.2000000000000094 0.29999999999999966 0.038358266206367474 0.9202148062907557 
0.2000000000000094 0.24999999999999967 0.02838511699271193 0.9378596087456847 

0.2000000000000094 0.19999999999999968 0.021480629075565784 0.9581894898350595 

0.2000000000000094 0.1499999999999997 0.039125431530494824 0.9213655542769467 
0.2000000000000094 0.09999999999999969 0.027234369006520907 0.956271576524741 

0.2000000000000094 0.049999999999999684 0.06866129650939777 0.8388952819332566 

