1.20000000000001 1.0 0.5535097813578826 0.005753739930955121 
1.20000000000001 0.95 0.5377828922132719 0.005753739930955121 
1.20000000000001 0.8999999999999999 0.5377828922132719 0.005753739930955121 
1.20000000000001 0.8499999999999999 0.5531261986958189 0.005753739930955121 
1.20000000000001 0.7999999999999998 0.5377828922132719 0.006137322593018795 
1.20000000000001 0.7499999999999998 0.5397008055235903 0.006137322593018795 
1.20000000000001 0.6999999999999997 0.551975450709628 0.005370157268891446 
1.20000000000001 0.6499999999999997 0.5393172228615266 0.006137322593018795 
1.20000000000001 0.5999999999999996 0.5228231683927886 0.00652090525508247 
1.20000000000001 0.5499999999999996 0.5753739930955121 0.005753739930955121 
1.20000000000001 0.4999999999999996 0.523590333716916 0.00805523590333717 
1.20000000000001 0.4499999999999996 0.522439585730725 0.009589566551591868 
1.20000000000001 0.39999999999999963 0.522439585730725 0.01227464518603759 
1.20000000000001 0.34999999999999964 0.5093977752205601 0.011507479861910242 
1.20000000000001 0.29999999999999966 0.5178365937859609 0.016494054468738015 
1.20000000000001 0.24999999999999967 0.49443805140007674 0.016877637130801686 

1.20000000000001 0.19999999999999968 0.49098580744150366 0.021480629075565784 
1.20000000000001 0.1499999999999997 0.5113156885308784 0.025700038358266206 
1.20000000000001 0.09999999999999969 0.5036440352896049 0.03682393555811277 
1.20000000000001 0.049999999999999684 0.5001917913310319 0.04142692750287687 
