9.395262345890387E-15 1.0 0.5090141925584963 0.0333716915995397 
9.395262345890387E-15 0.95 0.0 1.0 
9.395262345890387E-15 0.8999999999999999 0.0 1.0 
9.395262345890387E-15 0.8499999999999999 0.0 1.0 
9.395262345890387E-15 0.7999999999999998 0.0 1.0 
9.395262345890387E-15 0.7499999999999998 0.0 1.0 
9.395262345890387E-15 0.6999999999999997 0.0 1.0 
9.395262345890387E-15 0.6499999999999997 0.0 1.0 
9.395262345890387E-15 0.5999999999999996 0.0 1.0 
9.395262345890387E-15 0.5499999999999996 0.0 1.0 
9.395262345890387E-15 0.4999999999999996 0.0 1.0 
9.395262345890387E-15 0.4499999999999996 0.0 1.0 
9.395262345890387E-15 0.39999999999999963 0.0 1.0 
9.395262345890387E-15 0.34999999999999964 0.0 1.0 
9.395262345890387E-15 0.29999999999999966 0.0 1.0 
9.395262345890387E-15 0.24999999999999967 0.0 1.0 
9.395262345890387E-15 0.19999999999999968 0.0 1.0 
9.395262345890387E-15 0.1499999999999997 0.0 1.0 
9.395262345890387E-15 0.09999999999999969 0.0 1.0 
9.395262345890387E-15 0.049999999999999684 0.0 1.0 
