1.7500000000000104 1.0 0.540084388185654 0.002685078634445723 
1.7500000000000104 0.95 0.5385500575373993 0.0030686612965093976 
1.7500000000000104 0.8999999999999999 0.5381664748753356 0.0030686612965093976 
1.7500000000000104 0.8499999999999999 0.5377828922132719 0.0030686612965093976 
1.7500000000000104 0.7999999999999998 0.5397008055235903 0.0038358266206367474 
1.7500000000000104 0.7499999999999998 0.5373993095512083 0.0038358266206367474 
1.7500000000000104 0.6999999999999997 0.5155350978135789 0.0030686612965093976 
1.7500000000000104 0.6499999999999997 0.5174530111238972 0.0034522439585730723 
1.7500000000000104 0.5999999999999996 0.5163022631377062 0.0038358266206367474 
1.7500000000000104 0.5499999999999996 0.5216724204065977 0.0034522439585730723 
1.7500000000000104 0.4999999999999996 0.5212888377445339 0.0034522439585730723 
1.7500000000000104 0.4499999999999996 0.5228231683927886 0.0038358266206367474 
1.7500000000000104 0.39999999999999963 0.522439585730725 0.0038358266206367474 
1.7500000000000104 0.34999999999999964 0.522439585730725 0.004219409282700422 
1.7500000000000104 0.29999999999999966 0.5159186804756425 0.006137322593018795 
1.7500000000000104 0.24999999999999967 0.5239739163789797 0.004219409282700422 
1.7500000000000104 0.19999999999999968 0.5170694284618336 0.005370157268891446 
1.7500000000000104 0.1499999999999997 0.5347142309167625 0.00728807057920982 
1.7500000000000104 0.09999999999999969 0.5163022631377062 0.007671653241273495 
1.7500000000000104 0.049999999999999684 0.5189873417721519 0.00652090525508247 
