4.650000000000001 1.0 0.5155350978135789 0.0 
4.650000000000001 0.95 0.5182201764480245 0.0 
4.650000000000001 0.8999999999999999 0.5182201764480245 0.0 
4.650000000000001 0.8499999999999999 0.5182201764480245 0.0 
4.650000000000001 0.7999999999999998 0.5182201764480245 0.0 
4.650000000000001 0.7499999999999998 0.5182201764480245 0.0 
4.650000000000001 0.6999999999999997 0.5147679324894515 0.0 
4.650000000000001 0.6499999999999997 0.5120828538550057 0.0 
4.650000000000001 0.5999999999999996 0.5159186804756425 0.0 
4.650000000000001 0.5499999999999996 0.5163022631377062 0.0 
4.650000000000001 0.4999999999999996 0.5170694284618336 0.0 
4.650000000000001 0.4499999999999996 0.5170694284618336 0.0 
4.650000000000001 0.39999999999999963 0.5155350978135789 0.0 
4.650000000000001 0.34999999999999964 0.5197545070962792 0.0 
4.650000000000001 0.29999999999999966 0.55427694668201 0.0 
4.650000000000001 0.24999999999999967 0.5558112773302647 0.0 
4.650000000000001 0.19999999999999968 0.5435366321442271 0.0 
4.650000000000001 0.1499999999999997 0.5435366321442271 0.0 
4.650000000000001 0.09999999999999969 0.5435366321442271 0.0 
4.650000000000001 0.049999999999999684 0.5454545454545454 0.0 
