0.9500000000000097 1.0 0.5393172228615266 0.007671653241273495 
0.9500000000000097 0.95 0.5454545454545454 0.007671653241273495 
0.9500000000000097 0.8999999999999999 0.5450709627924818 0.00805523590333717 
0.9500000000000097 0.8499999999999999 0.5469888761028001 0.008438818565400843 
0.9500000000000097 0.7999999999999998 0.5531261986958189 0.006137322593018795 
0.9500000000000097 0.7499999999999998 0.5742232451093211 0.005753739930955121 
0.9500000000000097 0.6999999999999997 0.5304948216340621 0.00728807057920982 
0.9500000000000097 0.6499999999999997 0.5316455696202531 0.006904487917146145 
0.9500000000000097 0.5999999999999996 0.5370157268891446 0.009589566551591868 
0.9500000000000097 0.5499999999999996 0.5312619869581895 0.010740314537782892 
0.9500000000000097 0.4999999999999996 0.5232067510548524 0.01304181051016494 
0.9500000000000097 0.4499999999999996 0.5109321058688148 0.014192558496355964 
0.9500000000000097 0.39999999999999963 0.5308784042961258 0.016877637130801686 
0.9500000000000097 0.34999999999999964 0.4994246260069045 0.02186421173762946 
0.9500000000000097 0.29999999999999966 0.5301112389719984 0.022247794399693134 
0.9500000000000097 0.24999999999999967 0.5017261219792866 0.0333716915995397 
0.9500000000000097 0.19999999999999968 0.5055619485999233 0.04219409282700422 
0.9500000000000097 0.1499999999999997 0.522439585730725 0.04909858074415036 
0.9500000000000097 0.09999999999999969 0.49405446873801306 0.06444188722669736 
0.9500000000000097 0.049999999999999684 0.4660529344073648 0.10548523206751055 
