0.6000000000000094 1.0 0.5116992711929421 0.01227464518603759 
0.6000000000000094 0.95 0.5113156885308784 0.011891062523973917 
0.6000000000000094 0.8999999999999999 0.5550441120061373 0.009973149213655544 
0.6000000000000094 0.8499999999999999 0.55427694668201 0.011507479861910242 
0.6000000000000094 0.7999999999999998 0.5523590333716916 0.011891062523973917 
0.6000000000000094 0.7499999999999998 0.5508247027234369 0.01380897583429229 
0.6000000000000094 0.6999999999999997 0.5469888761028001 0.015726889144610665 
0.6000000000000094 0.6499999999999997 0.5017261219792866 0.02032988108937476 
0.6000000000000094 0.5999999999999996 0.5362485615650172 0.01802838511699271 
0.6000000000000094 0.5499999999999996 0.48830072880705794 0.028768699654775604 
0.6000000000000094 0.4999999999999996 0.49060222477944 0.0333716915995397 
0.6000000000000094 0.4499999999999996 0.5458381281166091 0.03528960490985807 
0.6000000000000094 0.39999999999999963 0.5266589950134254 0.04296125815113157 
0.6000000000000094 0.34999999999999964 0.4737245876486383 0.12121212121212122 
0.6000000000000094 0.29999999999999966 0.45147679324894513 0.14998082086689682 
0.6000000000000094 0.24999999999999967 0.46068277713847333 0.16417337936325277 
0.6000000000000094 0.19999999999999968 0.44802454929037205 0.1822017644802455 
0.6000000000000094 0.1499999999999997 0.4085155350978136 0.2213271960107403 
0.6000000000000094 0.09999999999999969 0.383199079401611 0.2731108553893364 
0.6000000000000094 0.049999999999999684 0.35903337169159955 0.2899884925201381 
