1.8500000000000105 1.0 0.5420023014959724 0.0023014959723820483 
1.8500000000000105 0.95 0.5431530494821634 0.0023014959723820483 
1.8500000000000105 0.8999999999999999 0.5420023014959724 0.002685078634445723 
1.8500000000000105 0.8499999999999999 0.542385884158036 0.002685078634445723 
1.8500000000000105 0.7999999999999998 0.5435366321442271 0.0030686612965093976 
1.8500000000000105 0.7499999999999998 0.5393172228615266 0.0030686612965093976 
1.8500000000000105 0.6999999999999997 0.538933640199463 0.0034522439585730723 
1.8500000000000105 0.6499999999999997 0.5163022631377062 0.0030686612965093976 
1.8500000000000105 0.5999999999999996 0.5163022631377062 0.0030686612965093976 
1.8500000000000105 0.5499999999999996 0.5166858457997698 0.0034522439585730723 
1.8500000000000105 0.4999999999999996 0.5182201764480245 0.0034522439585730723 
1.8500000000000105 0.4499999999999996 0.5228231683927886 0.0030686612965093976 
1.8500000000000105 0.39999999999999963 0.522439585730725 0.0030686612965093976 
1.8500000000000105 0.34999999999999964 0.5216724204065977 0.0030686612965093976 
1.8500000000000105 0.29999999999999966 0.522439585730725 0.0038358266206367474 
1.8500000000000105 0.24999999999999967 0.5170694284618336 0.005370157268891446 
1.8500000000000105 0.19999999999999968 0.5232067510548524 0.004219409282700422 
1.8500000000000105 0.1499999999999997 0.5216724204065977 0.004219409282700422 
1.8500000000000105 0.09999999999999969 0.5151515151515151 0.007671653241273495 
1.8500000000000105 0.049999999999999684 0.5247410817031071 0.006904487917146145 
