4.8500000000000005 1.0 0.5178365937859609 0.0 
4.8500000000000005 0.95 0.5212888377445339 0.0 
4.8500000000000005 0.8999999999999999 0.5561948599923283 0.0 
4.8500000000000005 0.8499999999999999 0.5155350978135789 0.0 
4.8500000000000005 0.7999999999999998 0.5147679324894515 0.0 
4.8500000000000005 0.7499999999999998 0.5163022631377062 0.0 
4.8500000000000005 0.6999999999999997 0.5163022631377062 0.0 
4.8500000000000005 0.6499999999999997 0.5163022631377062 0.0 
4.8500000000000005 0.5999999999999996 0.5163022631377062 0.0 
4.8500000000000005 0.5499999999999996 0.5155350978135789 0.0 
4.8500000000000005 0.4999999999999996 0.5166858457997698 0.0 
4.8500000000000005 0.4499999999999996 0.5143843498273878 0.0 
4.8500000000000005 0.39999999999999963 0.5155350978135789 0.0 
4.8500000000000005 0.34999999999999964 0.5170694284618336 0.0 
4.8500000000000005 0.29999999999999966 0.5170694284618336 0.0 
4.8500000000000005 0.24999999999999967 0.5170694284618336 0.0 
4.8500000000000005 0.19999999999999968 0.5170694284618336 0.0 
4.8500000000000005 0.1499999999999997 0.5427694668200997 0.0 
4.8500000000000005 0.09999999999999969 0.5427694668200997 0.0 
4.8500000000000005 0.049999999999999684 0.5439202148062907 0.0 
