0.30000000000000937 1.0 0.5132336018411968 0.019179133103183737 
0.30000000000000937 0.95 0.5515918680475642 0.015726889144610665 
0.30000000000000937 0.8999999999999999 0.5416187188339087 0.02263137706175681 
0.30000000000000937 0.8499999999999999 0.5331799002685078 0.024165707710011506 
0.30000000000000937 0.7999999999999998 0.4998082086689682 0.025700038358266206 
0.30000000000000937 0.7499999999999998 0.49712313003452246 0.031070195627157654 
0.30000000000000937 0.6999999999999997 0.510548523206751 0.04027617951668585 
0.30000000000000937 0.6499999999999997 0.4691215957038742 0.13310318373609512 
0.30000000000000937 0.5999999999999996 0.47871116225546606 0.15611814345991562 
0.30000000000000937 0.5499999999999996 0.4952052167242041 0.1852704257767549 
0.30000000000000937 0.4999999999999996 0.334867663981588 0.3954737245876486 
0.30000000000000937 0.4499999999999996 0.31031837360951287 0.44572305331799 
0.30000000000000937 0.39999999999999963 0.26237054085155354 0.5090141925584963 
0.30000000000000937 0.34999999999999964 0.238204833141542 0.5642500958956655 

0.30000000000000937 0.29999999999999966 0.238204833141542 0.5654008438818565 
0.30000000000000937 0.24999999999999967 0.19140774836977367 0.619102416570771 

0.30000000000000937 0.19999999999999968 0.16494054468738012 0.663981588032221 
0.30000000000000937 0.1499999999999997 0.1549673954737246 0.6781741465285769 

0.30000000000000937 0.09999999999999969 0.126198695818949 0.7215189873417721 

0.30000000000000937 0.049999999999999684 0.09973149213655542 0.7848101265822784 
