0.1000000000000094 1.0 0.508247027234369 0.027234369006520907 
0.1000000000000094 0.95 0.49443805140007674 0.03298810893747603 
0.1000000000000094 0.8999999999999999 0.5136171845032604 0.03874184886843115 
0.1000000000000094 0.8499999999999999 0.3724587648638282 0.3444572305331799 
0.1000000000000094 0.7999999999999998 0.3943229766014576 0.26889144610663596 
0.1000000000000094 0.7499999999999998 0.3126198695818949 0.4234752589182969 
0.1000000000000094 0.6999999999999997 0.20291522823168393 0.5815113156885309 

0.1000000000000094 0.6499999999999997 0.18411967779056387 0.6164173379363252 
0.1000000000000094 0.5999999999999996 0.13003452243958574 0.7556578442654392 
0.1000000000000094 0.5499999999999996 0.0805523590333717 0.8519370924434215 
0.1000000000000094 0.4999999999999996 0.03567318757192175 0.9228998849252014 
0.1000000000000094 0.4499999999999996 0.05216724204065976 0.8906789413118527 
0.1000000000000094 0.39999999999999963 0.04065976217874952 0.9121595703874185 
0.1000000000000094 0.34999999999999964 0.023782125047947834 0.9558879938626774 

0.1000000000000094 0.29999999999999966 0.018411967779056387 0.9650939777522056 

0.1000000000000094 0.24999999999999967 0.007671653241273495 0.9777522056003068 

0.1000000000000094 0.19999999999999968 0.006137322593018795 0.9888761028001535 

0.1000000000000094 0.1499999999999997 0.005370157268891446 0.9858074415036441 

0.1000000000000094 0.09999999999999969 0.0034522439585730723 0.9930955120828538 
0.1000000000000094 0.049999999999999684 0.0 1.0 
