1.7000000000000104 1.0 0.5381664748753356 0.0030686612965093976 
1.7000000000000104 0.95 0.5385500575373993 0.0030686612965093976 
1.7000000000000104 0.8999999999999999 0.5408515535097813 0.0030686612965093976 
1.7000000000000104 0.8499999999999999 0.5397008055235903 0.0038358266206367474 
1.7000000000000104 0.7999999999999998 0.5366321442270809 0.0038358266206367474 
1.7000000000000104 0.7499999999999998 0.5385500575373993 0.0034522439585730723 
1.7000000000000104 0.6999999999999997 0.5166858457997698 0.0038358266206367474 
1.7000000000000104 0.6499999999999997 0.5163022631377062 0.0038358266206367474 
1.7000000000000104 0.5999999999999996 0.5232067510548524 0.0038358266206367474 
1.7000000000000104 0.5499999999999996 0.5220560030686613 0.0038358266206367474 
1.7000000000000104 0.4999999999999996 0.525891829689298 0.0038358266206367474 
1.7000000000000104 0.4499999999999996 0.5216724204065977 0.0038358266206367474 
1.7000000000000104 0.39999999999999963 0.5243574990410433 0.0038358266206367474 
1.7000000000000104 0.34999999999999964 0.5128500191791331 0.004986574606827772 
1.7000000000000104 0.29999999999999966 0.5163022631377062 0.005753739930955121 
1.7000000000000104 0.24999999999999967 0.5163022631377062 0.004986574606827772 
1.7000000000000104 0.19999999999999968 0.538933640199463 0.005753739930955121 
1.7000000000000104 0.1499999999999997 0.5247410817031071 0.00728807057920982 
1.7000000000000104 0.09999999999999969 0.5116992711929421 0.009589566551591868 
1.7000000000000104 0.049999999999999684 0.5132336018411968 0.009205983889528193 
