1.6500000000000103 1.0 0.538933640199463 0.0030686612965093976 
1.6500000000000103 0.95 0.5408515535097813 0.0030686612965093976 
1.6500000000000103 0.8999999999999999 0.5370157268891446 0.0038358266206367474 
1.6500000000000103 0.8499999999999999 0.5362485615650172 0.0038358266206367474 
1.6500000000000103 0.7999999999999998 0.5397008055235903 0.0034522439585730723 
1.6500000000000103 0.7499999999999998 0.5373993095512083 0.0038358266206367474 
1.6500000000000103 0.6999999999999997 0.5174530111238972 0.0038358266206367474 
1.6500000000000103 0.6499999999999997 0.5163022631377062 0.004219409282700422 
1.6500000000000103 0.5999999999999996 0.5243574990410433 0.0038358266206367474 
1.6500000000000103 0.5499999999999996 0.5182201764480245 0.004602991944764097 
1.6500000000000103 0.4999999999999996 0.523590333716916 0.0038358266206367474 
1.6500000000000103 0.4499999999999996 0.5143843498273878 0.0030686612965093976 
1.6500000000000103 0.39999999999999963 0.5128500191791331 0.004986574606827772 
1.6500000000000103 0.34999999999999964 0.5155350978135789 0.004986574606827772 
1.6500000000000103 0.29999999999999966 0.5186037591100883 0.004602991944764097 
1.6500000000000103 0.24999999999999967 0.5385500575373993 0.005753739930955121 
1.6500000000000103 0.19999999999999968 0.5228231683927886 0.006137322593018795 
1.6500000000000103 0.1499999999999997 0.5182201764480245 0.00652090525508247 
1.6500000000000103 0.09999999999999969 0.5147679324894515 0.010740314537782892 
1.6500000000000103 0.049999999999999684 0.5097813578826237 0.009973149213655544 
