0.7500000000000095 1.0 0.5220560030686613 0.009589566551591868 
0.7500000000000095 0.95 0.5197545070962792 0.010356731875719217 
0.7500000000000095 0.8999999999999999 0.5170694284618336 0.008438818565400843 
0.7500000000000095 0.8499999999999999 0.5354813962408899 0.007671653241273495 
0.7500000000000095 0.7999999999999998 0.5339470655926352 0.008438818565400843 
0.7500000000000095 0.7499999999999998 0.5343306482546989 0.011123897199846567 
0.7500000000000095 0.6999999999999997 0.5093977752205601 0.012658227848101266 
0.7500000000000095 0.6499999999999997 0.510548523206751 0.01380897583429229 
0.7500000000000095 0.5999999999999996 0.5370157268891446 0.015726889144610665 
0.7500000000000095 0.5499999999999996 0.5343306482546989 0.015726889144610665 
0.7500000000000095 0.4999999999999996 0.5304948216340621 0.01802838511699271 
0.7500000000000095 0.4499999999999996 0.5278097429996165 0.024165707710011506 
0.7500000000000095 0.39999999999999963 0.5055619485999233 0.0333716915995397 
0.7500000000000095 0.34999999999999964 0.5293440736478712 0.03682393555811277 
0.7500000000000095 0.29999999999999966 0.525891829689298 0.039892596854622174 
0.7500000000000095 0.24999999999999967 0.5189873417721519 0.05216724204065976 

0.7500000000000095 0.19999999999999968 0.4579976985040276 0.11392405063291139 
0.7500000000000095 0.1499999999999997 0.44112006137322596 0.15611814345991562 
0.7500000000000095 0.09999999999999969 0.4284618335251247 0.1940928270042194 

0.7500000000000095 0.049999999999999684 0.4142692750287687 0.23283467587265055 
