1.5500000000000103 1.0 0.5362485615650172 0.0038358266206367474 
1.5500000000000103 0.95 0.5385500575373993 0.0038358266206367474 
1.5500000000000103 0.8999999999999999 0.5393172228615266 0.0038358266206367474 
1.5500000000000103 0.8499999999999999 0.5362485615650172 0.004219409282700422 
1.5500000000000103 0.7999999999999998 0.5339470655926352 0.004219409282700422 
1.5500000000000103 0.7499999999999998 0.5339470655926352 0.004219409282700422 
1.5500000000000103 0.6999999999999997 0.5163022631377062 0.004602991944764097 
1.5500000000000103 0.6499999999999997 0.5182201764480245 0.004602991944764097 
1.5500000000000103 0.5999999999999996 0.5508247027234369 0.004219409282700422 
1.5500000000000103 0.5499999999999996 0.5607978519370924 0.0038358266206367474 
1.5500000000000103 0.4999999999999996 0.5485232067510548 0.006137322593018795 
1.5500000000000103 0.4499999999999996 0.5607978519370924 0.004219409282700422 
1.5500000000000103 0.39999999999999963 0.5166858457997698 0.004986574606827772 
1.5500000000000103 0.34999999999999964 0.5504411200613732 0.004219409282700422 
1.5500000000000103 0.29999999999999966 0.5665515918680476 0.004602991944764097 
1.5500000000000103 0.24999999999999967 0.5703874184886844 0.005753739930955121 
1.5500000000000103 0.19999999999999968 0.5120828538550057 0.007671653241273495 
1.5500000000000103 0.1499999999999997 0.5109321058688148 0.009589566551591868 
1.5500000000000103 0.09999999999999969 0.5178365937859609 0.01534330648254699 
1.5500000000000103 0.049999999999999684 0.520138089758343 0.01304181051016494 
