0.7000000000000095 1.0 0.5228231683927886 0.010356731875719217 
0.7000000000000095 0.95 0.5320291522823168 0.00728807057920982 
0.7000000000000095 0.8999999999999999 0.508247027234369 0.011507479861910242 
0.7000000000000095 0.8499999999999999 0.5343306482546989 0.009205983889528193 
0.7000000000000095 0.7999999999999998 0.5535097813578826 0.011507479861910242 

0.7000000000000095 0.7499999999999998 0.5527426160337553 0.011507479861910242 
0.7000000000000095 0.6999999999999997 0.5339470655926352 0.011891062523973917 
0.7000000000000095 0.6499999999999997 0.5477560414269275 0.01457614115841964 
0.7000000000000095 0.5999999999999996 0.5301112389719984 0.015726889144610665 
0.7000000000000095 0.5499999999999996 0.5362485615650172 0.01726121979286536 
0.7000000000000095 0.4999999999999996 0.5304948216340621 0.02263137706175681 
0.7000000000000095 0.4499999999999996 0.4871499808208669 0.03145377828922133 
0.7000000000000095 0.39999999999999963 0.5247410817031071 0.03375527426160337 
0.7000000000000095 0.34999999999999964 0.5289604909858074 0.0395090141925585 
0.7000000000000095 0.29999999999999966 0.5182201764480245 0.04871499808208669 
0.7000000000000095 0.24999999999999967 0.45723053317990026 0.11008822401227465 
0.7000000000000095 0.19999999999999968 0.44802454929037205 0.15573456079785195 
0.7000000000000095 0.1499999999999997 0.4553126198695819 0.17031070195627157 
0.7000000000000095 0.09999999999999969 0.42117376294591485 0.20560030686612965 
0.7000000000000095 0.049999999999999684 0.39815880322209435 0.25584963559647106 
