2.2500000000000098 1.0 0.5431530494821634 0.0019179133103183737 
2.2500000000000098 0.95 0.5420023014959724 0.0019179133103183737 
2.2500000000000098 0.8999999999999999 0.542385884158036 0.0019179133103183737 
2.2500000000000098 0.8499999999999999 0.542385884158036 0.0019179133103183737 
2.2500000000000098 0.7999999999999998 0.542385884158036 0.0019179133103183737 
2.2500000000000098 0.7499999999999998 0.5431530494821634 0.0019179133103183737 
2.2500000000000098 0.6999999999999997 0.5416187188339087 0.0019179133103183737 
2.2500000000000098 0.6499999999999997 0.5427694668200997 0.0019179133103183737 
2.2500000000000098 0.5999999999999996 0.5450709627924818 0.0023014959723820483 
2.2500000000000098 0.5499999999999996 0.5443037974683544 0.002685078634445723 
2.2500000000000098 0.4999999999999996 0.5450709627924818 0.002685078634445723 
2.2500000000000098 0.4499999999999996 0.542385884158036 0.002685078634445723 
2.2500000000000098 0.39999999999999963 0.520138089758343 0.0023014959723820483 
2.2500000000000098 0.34999999999999964 0.5205216724204066 0.0023014959723820483 
2.2500000000000098 0.29999999999999966 0.5193709244342156 0.0023014959723820483 
2.2500000000000098 0.24999999999999967 0.5189873417721519 0.002685078634445723 
2.2500000000000098 0.19999999999999968 0.5174530111238972 0.002685078634445723 
2.2500000000000098 0.1499999999999997 0.5212888377445339 0.002685078634445723 
2.2500000000000098 0.09999999999999969 0.5220560030686613 0.0034522439585730723 
2.2500000000000098 0.049999999999999684 0.5205216724204066 0.0034522439585730723 
