1.15000000000001 1.0 0.5350978135788262 0.004986574606827772 
1.15000000000001 0.95 0.5381664748753356 0.006137322593018795 
1.15000000000001 0.8999999999999999 0.5527426160337553 0.005753739930955121 
1.15000000000001 0.8499999999999999 0.5523590333716916 0.006137322593018795 
1.15000000000001 0.7999999999999998 0.5427694668200997 0.006137322593018795 
1.15000000000001 0.7499999999999998 0.5746068277713847 0.004986574606827772 
1.15000000000001 0.6999999999999997 0.5443037974683544 0.006137322593018795 
1.15000000000001 0.6499999999999997 0.5220560030686613 0.006137322593018795 
1.15000000000001 0.5999999999999996 0.5753739930955121 0.006137322593018795 
1.15000000000001 0.5499999999999996 0.523590333716916 0.00805523590333717 
1.15000000000001 0.4999999999999996 0.5239739163789797 0.009205983889528193 
1.15000000000001 0.4499999999999996 0.523590333716916 0.011123897199846567 
1.15000000000001 0.39999999999999963 0.508247027234369 0.009973149213655544 
1.15000000000001 0.34999999999999964 0.5147679324894515 0.01380897583429229 
1.15000000000001 0.29999999999999966 0.5189873417721519 0.01534330648254699 
1.15000000000001 0.24999999999999967 0.5255082470272344 0.018795550441120062 
1.15000000000001 0.19999999999999968 0.5128500191791331 0.02263137706175681 
1.15000000000001 0.1499999999999997 0.5036440352896049 0.031070195627157654 
1.15000000000001 0.09999999999999969 0.5024932873034139 0.0364403528960491 
1.15000000000001 0.049999999999999684 0.49443805140007674 0.05024932873034139 
