1.1000000000000099 1.0 0.5581127733026467 0.005370157268891446 
1.1000000000000099 0.95 0.5473724587648638 0.005753739930955121 
1.1000000000000099 0.8999999999999999 0.5527426160337553 0.006137322593018795 
1.1000000000000099 0.8499999999999999 0.540084388185654 0.005753739930955121 
1.1000000000000099 0.7999999999999998 0.5726889144610664 0.005370157268891446 
1.1000000000000099 0.7499999999999998 0.5431530494821634 0.00652090525508247 
1.1000000000000099 0.6999999999999997 0.5205216724204066 0.007671653241273495 
1.1000000000000099 0.6499999999999997 0.5734560797851938 0.00652090525508247 
1.1000000000000099 0.5999999999999996 0.5769083237437668 0.006137322593018795 
1.1000000000000099 0.5499999999999996 0.525891829689298 0.009205983889528193 
1.1000000000000099 0.4999999999999996 0.5097813578826237 0.009205983889528193 
1.1000000000000099 0.4499999999999996 0.5090141925584963 0.009973149213655544 
1.1000000000000099 0.39999999999999963 0.5186037591100883 0.013425393172228616 

1.1000000000000099 0.34999999999999964 0.5166858457997698 0.014192558496355964 
1.1000000000000099 0.29999999999999966 0.5178365937859609 0.019179133103183737 

1.1000000000000099 0.24999999999999967 0.5247410817031071 0.016877637130801686 
1.1000000000000099 0.19999999999999968 0.5285769083237438 0.02339854238588416 
1.1000000000000099 0.1499999999999997 0.5036440352896049 0.0364403528960491 
1.1000000000000099 0.09999999999999969 0.5021097046413502 0.0395090141925585 
1.1000000000000099 0.049999999999999684 0.507096279248178 0.05178365937859609 
