0.8500000000000096 1.0 0.5454545454545454 0.008438818565400843 
0.8500000000000096 0.95 0.5450709627924818 0.008438818565400843 
0.8500000000000096 0.8999999999999999 0.5193709244342156 0.008438818565400843 
0.8500000000000096 0.8499999999999999 0.5527426160337553 0.007671653241273495 
0.8500000000000096 0.7999999999999998 0.5535097813578826 0.007671653241273495 
0.8500000000000096 0.7499999999999998 0.5327963176064442 0.007671653241273495 
0.8500000000000096 0.6999999999999997 0.5320291522823168 0.008822401227464518 
0.8500000000000096 0.6499999999999997 0.5350978135788262 0.010356731875719217 
0.8500000000000096 0.5999999999999996 0.5090141925584963 0.013425393172228616 
0.8500000000000096 0.5499999999999996 0.5109321058688148 0.014192558496355964 
0.8500000000000096 0.4999999999999996 0.5308784042961258 0.016494054468738015 
0.8500000000000096 0.4499999999999996 0.5285769083237438 0.016494054468738015 
0.8500000000000096 0.39999999999999963 0.4963559647103951 0.023782125047947834 
0.8500000000000096 0.34999999999999964 0.507096279248178 0.02991944764096663 
0.8500000000000096 0.29999999999999966 0.5228231683927886 0.03145377828922133 
0.8500000000000096 0.24999999999999967 0.5327963176064442 0.04257767548906789 
0.8500000000000096 0.19999999999999968 0.5458381281166091 0.04334484081319524 
0.8500000000000096 0.1499999999999997 0.48945147679324896 0.07019562715765247 
0.8500000000000096 0.09999999999999969 0.4472573839662447 0.12696586114307634 
0.8500000000000096 0.049999999999999684 0.4472573839662447 0.15151515151515152 
