1.25000000000001 1.0 0.5362485615650172 0.004986574606827772 
1.25000000000001 0.95 0.5523590333716916 0.005370157268891446 
1.25000000000001 0.8999999999999999 0.5454545454545454 0.005370157268891446 
1.25000000000001 0.8499999999999999 0.5373993095512083 0.005753739930955121 
1.25000000000001 0.7999999999999998 0.5527426160337553 0.005370157268891446 
1.25000000000001 0.7499999999999998 0.5381664748753356 0.005753739930955121 
1.25000000000001 0.6999999999999997 0.5393172228615266 0.005753739930955121 
1.25000000000001 0.6499999999999997 0.5504411200613732 0.005370157268891446 
1.25000000000001 0.5999999999999996 0.5316455696202531 0.004602991944764097 
1.25000000000001 0.5499999999999996 0.541235136171845 0.00652090525508247 
1.25000000000001 0.4999999999999996 0.5385500575373993 0.004219409282700422 
1.25000000000001 0.4499999999999996 0.5247410817031071 0.00728807057920982 
1.25000000000001 0.39999999999999963 0.5205216724204066 0.009589566551591868 
1.25000000000001 0.34999999999999964 0.5209052550824703 0.011507479861910242 
1.25000000000001 0.29999999999999966 0.5178365937859609 0.013425393172228616 
1.25000000000001 0.24999999999999967 0.5350978135788262 0.011123897199846567 
1.25000000000001 0.19999999999999968 0.5113156885308784 0.01457614115841964 
1.25000000000001 0.1499999999999997 0.49405446873801306 0.02032988108937476 
1.25000000000001 0.09999999999999969 0.5166858457997698 0.02263137706175681 

1.25000000000001 0.049999999999999684 0.5086306098964327 0.032604526275412354 
