0.35000000000000936 1.0 0.5116992711929421 0.01726121979286536 
0.35000000000000936 0.95 0.5120828538550057 0.018411967779056387 
0.35000000000000936 0.8999999999999999 0.540084388185654 0.016877637130801686 
0.35000000000000936 0.8499999999999999 0.5462217107786728 0.016494054468738015 
0.35000000000000936 0.7999999999999998 0.5343306482546989 0.024932873034138856 
0.35000000000000936 0.7499999999999998 0.4967395473724588 0.03528960490985807 
0.35000000000000936 0.6999999999999997 0.49712313003452246 0.03298810893747603 
0.35000000000000936 0.6499999999999997 0.5347142309167625 0.0349060222477944 
0.35000000000000936 0.5999999999999996 0.4660529344073648 0.13195243574990412 
0.35000000000000936 0.5499999999999996 0.4783275795934024 0.15688530878404297 
0.35000000000000936 0.4999999999999996 0.43191407748369776 0.18642117376294592 
0.35000000000000936 0.4499999999999996 0.42117376294591485 0.20560030686612965 
0.35000000000000936 0.39999999999999963 0.3084004602991945 0.44840813195243573 
0.35000000000000936 0.34999999999999964 0.28768699654775604 0.45262754123513615 
0.35000000000000936 0.29999999999999966 0.2397391637897967 0.5638665132336018 
0.35000000000000936 0.24999999999999967 0.22516302263137705 0.5972382048331415 
0.35000000000000936 0.19999999999999968 0.20713463751438435 0.6252397391637898 
0.35000000000000936 0.1499999999999997 0.17337936325278097 0.6812428078250863 
0.35000000000000936 0.09999999999999969 0.14039125431530494 0.7031070195627158 
0.35000000000000936 0.049999999999999684 0.13271960107403144 0.7119294207901803 

