1.0500000000000098 1.0 0.5393172228615266 0.005753739930955121 
1.0500000000000098 0.95 0.5535097813578826 0.006137322593018795 
1.0500000000000098 0.8999999999999999 0.555427694668201 0.006137322593018795 
1.0500000000000098 0.8499999999999999 0.5416187188339087 0.007671653241273495 
1.0500000000000098 0.7999999999999998 0.5462217107786728 0.007671653241273495 
1.0500000000000098 0.7499999999999998 0.5370157268891446 0.006137322593018795 
1.0500000000000098 0.6999999999999997 0.5753739930955121 0.00652090525508247 
1.0500000000000098 0.6499999999999997 0.5788262370540852 0.006137322593018795 
1.0500000000000098 0.5999999999999996 0.5101649405446874 0.008438818565400843 
1.0500000000000098 0.5499999999999996 0.5090141925584963 0.009205983889528193 
1.0500000000000098 0.4999999999999996 0.5097813578826237 0.009589566551591868 
1.0500000000000098 0.4499999999999996 0.5093977752205601 0.010356731875719217 
1.0500000000000098 0.39999999999999963 0.5090141925584963 0.01304181051016494 
1.0500000000000098 0.34999999999999964 0.4982738780207135 0.016877637130801686 
1.0500000000000098 0.29999999999999966 0.5166858457997698 0.02032988108937476 
1.0500000000000098 0.24999999999999967 0.5270425776754891 0.021480629075565784 
1.0500000000000098 0.19999999999999968 0.5032604526275413 0.031837360951285004 
1.0500000000000098 0.1499999999999997 0.5017261219792866 0.04411200613732259 
1.0500000000000098 0.09999999999999969 0.5327963176064442 0.04526275412351362 
1.0500000000000098 0.049999999999999684 0.4871499808208669 0.05331799002685079 
