0.1500000000000094 1.0 0.5151515151515151 0.025700038358266206 
0.1500000000000094 0.95 0.5293440736478712 0.028768699654775604 
0.1500000000000094 0.8999999999999999 0.5013425393172228 0.02915228231683928 

0.1500000000000094 0.8499999999999999 0.538933640199463 0.03413885692366705 
0.1500000000000094 0.7999999999999998 0.4890678941311853 0.09589566551591867 
0.1500000000000094 0.7499999999999998 0.35711545838128117 0.37130801687763715 
0.1500000000000094 0.6999999999999997 0.31645569620253167 0.4284618335251247 
0.1500000000000094 0.6499999999999997 0.2972765630993479 0.45569620253164556 
0.1500000000000094 0.5999999999999996 0.26083621020329883 0.5067126965861143 
0.1500000000000094 0.5499999999999996 0.17529727656309935 0.633294975067127 

0.1500000000000094 0.4999999999999996 0.18948983505945532 0.6317606444188723 
0.1500000000000094 0.4499999999999996 0.05830456463367856 0.8734177215189873 
0.1500000000000094 0.39999999999999963 0.06022247794399693 0.8864595320291523 
0.1500000000000094 0.34999999999999964 0.06942846183352512 0.8707326428845417 
0.1500000000000094 0.29999999999999966 0.01534330648254699 0.9685462217107786 
0.1500000000000094 0.24999999999999967 0.010356731875719217 0.9781357882623706 

0.1500000000000094 0.19999999999999968 0.009589566551591868 0.9792865362485615 
0.1500000000000094 0.1499999999999997 0.006904487917146145 0.9831223628691983 

0.1500000000000094 0.09999999999999969 0.011507479861910242 0.9766014576141159 
0.1500000000000094 0.049999999999999684 3.835826620636747E-4 0.9996164173379364 
