1.35000000000001 1.0 0.5370157268891446 0.004602991944764097 
1.35000000000001 0.95 0.5366321442270809 0.004602991944764097 
1.35000000000001 0.8999999999999999 0.5366321442270809 0.004602991944764097 
1.35000000000001 0.8499999999999999 0.5481396240889912 0.005370157268891446 
1.35000000000001 0.7999999999999998 0.5373993095512083 0.004986574606827772 
1.35000000000001 0.7499999999999998 0.5481396240889912 0.005370157268891446 
1.35000000000001 0.6999999999999997 0.5611814345991561 0.004219409282700422 
1.35000000000001 0.6499999999999997 0.5159186804756425 0.005753739930955121 
1.35000000000001 0.5999999999999996 0.5393172228615266 0.005753739930955121 
1.35000000000001 0.5499999999999996 0.5492903720751822 0.005370157268891446 
1.35000000000001 0.4999999999999996 0.5186037591100883 0.006137322593018795 
1.35000000000001 0.4499999999999996 0.5182201764480245 0.005753739930955121 
1.35000000000001 0.39999999999999963 0.5293440736478712 0.005370157268891446 
1.35000000000001 0.34999999999999964 0.5205216724204066 0.007671653241273495 
1.35000000000001 0.29999999999999966 0.5163022631377062 0.008822401227464518 
1.35000000000001 0.24999999999999967 0.5197545070962792 0.011123897199846567 
1.35000000000001 0.19999999999999968 0.5350978135788262 0.014192558496355964 
1.35000000000001 0.1499999999999997 0.5335634829305715 0.01227464518603759 
1.35000000000001 0.09999999999999969 0.5109321058688148 0.021480629075565784 
1.35000000000001 0.049999999999999684 0.4998082086689682 0.026467203682393557 
