0.2500000000000094 1.0 0.5101649405446874 0.02109704641350211 
0.2500000000000094 0.95 0.5416187188339087 0.02263137706175681 
0.2500000000000094 0.8999999999999999 0.5331799002685078 0.02685078634445723 
0.2500000000000094 0.8499999999999999 0.5335634829305715 0.02608362102032988 
0.2500000000000094 0.7999999999999998 0.49558879938626776 0.03222094361334868 
0.2500000000000094 0.7499999999999998 0.5397008055235903 0.0333716915995397 
0.2500000000000094 0.6999999999999997 0.4691215957038742 0.09934790947449175 
0.2500000000000094 0.6499999999999997 0.4794783275795934 0.158036056770234 
0.2500000000000094 0.5999999999999996 0.4342155734560798 0.1852704257767549 
0.2500000000000094 0.5499999999999996 0.3187571921749137 0.42424242424242425 
0.2500000000000094 0.4999999999999996 0.3851169927119294 0.3187571921749137 
0.2500000000000094 0.4499999999999996 0.27349443805140006 0.5136171845032604 
0.2500000000000094 0.39999999999999963 0.24012274645186038 0.5611814345991561 
0.2500000000000094 0.34999999999999964 0.20291522823168393 0.6029919447640967 
0.2500000000000094 0.29999999999999966 0.1940928270042194 0.6102800153433064 
0.2500000000000094 0.24999999999999967 0.15420023014959724 0.6463367855772919 
0.2500000000000094 0.19999999999999968 0.12658227848101267 0.6992711929420791 
0.2500000000000094 0.1499999999999997 0.09090909090909091 0.8350594553126198 
0.2500000000000094 0.09999999999999969 0.07479861910241657 0.8810893747602608 
0.2500000000000094 0.049999999999999684 0.04909858074415036 0.9098580744150364 

