1.6000000000000103 1.0 0.5393172228615266 0.0030686612965093976 
1.6000000000000103 0.95 0.5350978135788262 0.0038358266206367474 
1.6000000000000103 0.8999999999999999 0.5358649789029536 0.0038358266206367474 
1.6000000000000103 0.8499999999999999 0.5373993095512083 0.0038358266206367474 
1.6000000000000103 0.7999999999999998 0.5354813962408899 0.004219409282700422 
1.6000000000000103 0.7499999999999998 0.5393172228615266 0.004219409282700422 
1.6000000000000103 0.6999999999999997 0.5182201764480245 0.004219409282700422 
1.6000000000000103 0.6499999999999997 0.5228231683927886 0.004219409282700422 
1.6000000000000103 0.5999999999999996 0.5251246643651707 0.0038358266206367474 
1.6000000000000103 0.5499999999999996 0.5262754123513618 0.002685078634445723 
1.6000000000000103 0.4999999999999996 0.5163022631377062 0.004602991944764097 
1.6000000000000103 0.4499999999999996 0.5492903720751822 0.004986574606827772 
1.6000000000000103 0.39999999999999963 0.5512082853855006 0.005753739930955121 
1.6000000000000103 0.34999999999999964 0.5331799002685078 0.004602991944764097 
1.6000000000000103 0.29999999999999966 0.5377828922132719 0.005370157268891446 
1.6000000000000103 0.24999999999999967 0.5232067510548524 0.004986574606827772 
1.6000000000000103 0.19999999999999968 0.5243574990410433 0.007671653241273495 
1.6000000000000103 0.1499999999999997 0.5136171845032604 0.009973149213655544 
1.6000000000000103 0.09999999999999969 0.5113156885308784 0.009973149213655544 

1.6000000000000103 0.049999999999999684 0.5174530111238972 0.01534330648254699 
