1.4000000000000101 1.0 0.5350978135788262 0.004219409282700422 
1.4000000000000101 0.95 0.5366321442270809 0.004219409282700422 
1.4000000000000101 0.8999999999999999 0.5362485615650172 0.004219409282700422 
1.4000000000000101 0.8499999999999999 0.5362485615650172 0.004602991944764097 
1.4000000000000101 0.7999999999999998 0.5431530494821634 0.005370157268891446 
1.4000000000000101 0.7499999999999998 0.5151515151515151 0.002685078634445723 
1.4000000000000101 0.6999999999999997 0.5600306866129651 0.004219409282700422 
1.4000000000000101 0.6499999999999997 0.5607978519370924 0.004219409282700422 
1.4000000000000101 0.5999999999999996 0.5159186804756425 0.005753739930955121 
1.4000000000000101 0.5499999999999996 0.5535097813578826 0.005753739930955121 
1.4000000000000101 0.4999999999999996 0.5500575373993095 0.005370157268891446 
1.4000000000000101 0.4499999999999996 0.5174530111238972 0.005753739930955121 
1.4000000000000101 0.39999999999999963 0.5151515151515151 0.006137322593018795 
1.4000000000000101 0.34999999999999964 0.5132336018411968 0.006904487917146145 
1.4000000000000101 0.29999999999999966 0.5124664365170695 0.006904487917146145 
1.4000000000000101 0.24999999999999967 0.5113156885308784 0.008438818565400843 
1.4000000000000101 0.19999999999999968 0.5159186804756425 0.011891062523973917 
1.4000000000000101 0.1499999999999997 0.5324127349443805 0.013425393172228616 
1.4000000000000101 0.09999999999999969 0.5255082470272344 0.016494054468738015 
1.4000000000000101 0.049999999999999684 0.5086306098964327 0.022247794399693134 
