1.9000000000000106 1.0 0.5420023014959724 0.0023014959723820483 
1.9000000000000106 0.95 0.5431530494821634 0.0023014959723820483 
1.9000000000000106 0.8999999999999999 0.5431530494821634 0.0023014959723820483 
1.9000000000000106 0.8499999999999999 0.5431530494821634 0.0023014959723820483 
1.9000000000000106 0.7999999999999998 0.5439202148062907 0.002685078634445723 
1.9000000000000106 0.7499999999999998 0.5443037974683544 0.002685078634445723 
1.9000000000000106 0.6999999999999997 0.5397008055235903 0.0030686612965093976 
1.9000000000000106 0.6499999999999997 0.520138089758343 0.0030686612965093976 
1.9000000000000106 0.5999999999999996 0.5159186804756425 0.0030686612965093976 
1.9000000000000106 0.5499999999999996 0.5170694284618336 0.0030686612965093976 
1.9000000000000106 0.4999999999999996 0.5205216724204066 0.002685078634445723 
1.9000000000000106 0.4499999999999996 0.523590333716916 0.002685078634445723 
1.9000000000000106 0.39999999999999963 0.5174530111238972 0.002685078634445723 
1.9000000000000106 0.34999999999999964 0.5232067510548524 0.0030686612965093976 
1.9000000000000106 0.29999999999999966 0.5228231683927886 0.0034522439585730723 
1.9000000000000106 0.24999999999999967 0.5174530111238972 0.004219409282700422 
1.9000000000000106 0.19999999999999968 0.5174530111238972 0.005753739930955121 
1.9000000000000106 0.1499999999999997 0.5209052550824703 0.006137322593018795 
1.9000000000000106 0.09999999999999969 0.5197545070962792 0.004219409282700422 
1.9000000000000106 0.049999999999999684 0.5178365937859609 0.005370157268891446 
