0.9000000000000097 1.0 0.5416187188339087 0.007671653241273495 
0.9000000000000097 0.95 0.5466052934407365 0.008438818565400843 
0.9000000000000097 0.8999999999999999 0.5462217107786728 0.008438818565400843 
0.9000000000000097 0.8499999999999999 0.5512082853855006 0.005370157268891446 
0.9000000000000097 0.7999999999999998 0.5715381664748753 0.005753739930955121 
0.9000000000000097 0.7499999999999998 0.5324127349443805 0.00728807057920982 
0.9000000000000097 0.6999999999999997 0.5358649789029536 0.007671653241273495 
0.9000000000000097 0.6499999999999997 0.5377828922132719 0.008822401227464518 
0.9000000000000097 0.5999999999999996 0.5155350978135789 0.01227464518603759 
0.9000000000000097 0.5499999999999996 0.5116992711929421 0.011891062523973917 
0.9000000000000097 0.4999999999999996 0.5101649405446874 0.014192558496355964 
0.9000000000000097 0.4499999999999996 0.5293440736478712 0.016877637130801686 
0.9000000000000097 0.39999999999999963 0.5028768699654775 0.01802838511699271 
0.9000000000000097 0.34999999999999964 0.4902186421173763 0.028001534330648253 
0.9000000000000097 0.29999999999999966 0.5040276179516686 0.03068661296509398 
0.9000000000000097 0.24999999999999967 0.5220560030686613 0.03375527426160337 
0.9000000000000097 0.19999999999999968 0.5350978135788262 0.04833141542002301 
0.9000000000000097 0.1499999999999997 0.49865746068277716 0.05561948599923283 
0.9000000000000097 0.09999999999999969 0.46643651706942846 0.10280015343306483 
0.9000000000000097 0.049999999999999684 0.42884541618718836 0.1883390870732643 
