4.3000000000000025 1.0 0.5113156885308784 0.0 
4.3000000000000025 0.95 0.5113156885308784 0.0 
4.3000000000000025 0.8999999999999999 0.5159186804756425 0.0 
4.3000000000000025 0.8499999999999999 0.5174530111238972 0.0 
4.3000000000000025 0.7999999999999998 0.5174530111238972 0.0 
4.3000000000000025 0.7499999999999998 0.5166858457997698 0.0 
4.3000000000000025 0.6999999999999997 0.5163022631377062 0.0 
4.3000000000000025 0.6499999999999997 0.5182201764480245 0.0 
4.3000000000000025 0.5999999999999996 0.5182201764480245 0.0 
4.3000000000000025 0.5499999999999996 0.5186037591100883 0.0 
4.3000000000000025 0.4999999999999996 0.556578442654392 0.0 
4.3000000000000025 0.4499999999999996 0.5454545454545454 0.0 
4.3000000000000025 0.39999999999999963 0.5454545454545454 0.0 
4.3000000000000025 0.34999999999999964 0.5450709627924818 7.671653241273494E-4 
4.3000000000000025 0.29999999999999966 0.5450709627924818 7.671653241273494E-4 
4.3000000000000025 0.24999999999999967 0.5446873801304181 7.671653241273494E-4 
4.3000000000000025 0.19999999999999968 0.5446873801304181 7.671653241273494E-4 
4.3000000000000025 0.1499999999999997 0.5446873801304181 7.671653241273494E-4 
4.3000000000000025 0.09999999999999969 0.5458381281166091 7.671653241273494E-4 
4.3000000000000025 0.049999999999999684 0.5446873801304181 7.671653241273494E-4 
