4.500000000000002 1.0 0.5155350978135789 0.0 
4.500000000000002 0.95 0.5166858457997698 0.0 
4.500000000000002 0.8999999999999999 0.5151515151515151 0.0 
4.500000000000002 0.8499999999999999 0.5178365937859609 0.0 
4.500000000000002 0.7999999999999998 0.5120828538550057 0.0 
4.500000000000002 0.7499999999999998 0.5113156885308784 0.0 
4.500000000000002 0.6999999999999997 0.5174530111238972 0.0 
4.500000000000002 0.6499999999999997 0.5178365937859609 0.0 
4.500000000000002 0.5999999999999996 0.5178365937859609 0.0 
4.500000000000002 0.5499999999999996 0.5170694284618336 0.0 
4.500000000000002 0.4999999999999996 0.5170694284618336 0.0 
4.500000000000002 0.4499999999999996 0.5170694284618336 0.0 
4.500000000000002 0.39999999999999963 0.555427694668201 0.0 
4.500000000000002 0.34999999999999964 0.5458381281166091 0.0 
4.500000000000002 0.29999999999999966 0.5458381281166091 0.0 
4.500000000000002 0.24999999999999967 0.5454545454545454 0.0 
4.500000000000002 0.19999999999999968 0.5458381281166091 0.0 
4.500000000000002 0.1499999999999997 0.5443037974683544 0.0 
4.500000000000002 0.09999999999999969 0.5443037974683544 0.0 
4.500000000000002 0.049999999999999684 0.5439202148062907 0.0 
