0.5000000000000093 1.0 0.5074798619102416 0.01457614115841964 
0.5000000000000093 0.95 0.5531261986958189 0.010356731875719217 
0.5000000000000093 0.8999999999999999 0.5512082853855006 0.012658227848101266 
0.5000000000000093 0.8499999999999999 0.5523590333716916 0.01380897583429229 
0.5000000000000093 0.7999999999999998 0.5485232067510548 0.01534330648254699 
0.5000000000000093 0.7499999999999998 0.5350978135788262 0.01726121979286536 
0.5000000000000093 0.6999999999999997 0.5040276179516686 0.020713463751438434 

0.5000000000000093 0.6499999999999997 0.4978902953586498 0.023014959723820484 
0.5000000000000093 0.5999999999999996 0.49290372075182204 0.03682393555811277 
0.5000000000000093 0.5499999999999996 0.5408515535097813 0.04027617951668585 
0.5000000000000093 0.4999999999999996 0.5278097429996165 0.04065976217874952 
0.5000000000000093 0.4499999999999996 0.47257383966244726 0.11929420790180284 
0.5000000000000093 0.39999999999999963 0.4564633678557729 0.1565017261219793 
0.5000000000000093 0.34999999999999964 0.46336785577291906 0.17222861526658995 
0.5000000000000093 0.29999999999999966 0.44840813195243573 0.20061373225930187 
0.5000000000000093 0.24999999999999967 0.43498273878020716 0.2032988108937476 
0.5000000000000093 0.19999999999999968 0.39010356731875717 0.2489451476793249 
0.5000000000000093 0.1499999999999997 0.3245109321058688 0.3747602608362102 
0.5000000000000093 0.09999999999999969 0.31530494821634064 0.38550057537399307 

0.5000000000000093 0.049999999999999684 0.2972765630993479 0.3927886459532029 
