0.0500000000000094 1.0 0.5143843498273878 0.028768699654775604 

0.0500000000000094 0.95 0.5128500191791331 0.03874184886843115 
0.0500000000000094 0.8999999999999999 0.3989259685462217 0.2612197928653625 
0.0500000000000094 0.8499999999999999 0.2554660529344074 0.49252013808975836 
0.0500000000000094 0.7999999999999998 0.12581511315688532 0.7694668200997314 

0.0500000000000094 0.7499999999999998 0.00728807057920982 0.9881089374760261 
0.0500000000000094 0.6999999999999997 0.03145377828922133 0.9405446873801304 
0.0500000000000094 0.6499999999999997 0.04602991944764097 0.9075565784426544 
0.0500000000000094 0.5999999999999996 0.019946298427311087 0.9616417337936325 
0.0500000000000094 0.5499999999999996 0.022247794399693134 0.9547372458764863 
0.0500000000000094 0.4999999999999996 0.02032988108937476 0.9555044112006137 
0.0500000000000094 0.4499999999999996 0.01380897583429229 0.9666283084004603 
0.0500000000000094 0.39999999999999963 0.02186421173762946 0.9516685845799769 
0.0500000000000094 0.34999999999999964 0.01611047180667434 0.9662447257383966 
0.0500000000000094 0.29999999999999966 0.0038358266206367474 0.9927119294207902 
0.0500000000000094 0.24999999999999967 0.0 1.0 
0.0500000000000094 0.19999999999999968 0.0 1.0 
0.0500000000000094 0.1499999999999997 0.0 1.0 
0.0500000000000094 0.09999999999999969 0.0 1.0 
0.0500000000000094 0.049999999999999684 0.0 1.0 
