0.8000000000000096 1.0 0.5186037591100883 0.008438818565400843 
0.8000000000000096 0.95 0.5193709244342156 0.009589566551591868 
0.8000000000000096 0.8999999999999999 0.5243574990410433 0.009205983889528193 
0.8000000000000096 0.8499999999999999 0.5531261986958189 0.007671653241273495 
0.8000000000000096 0.7999999999999998 0.5324127349443805 0.007671653241273495 
0.8000000000000096 0.7499999999999998 0.5324127349443805 0.00805523590333717 
0.8000000000000096 0.6999999999999997 0.5339470655926352 0.011123897199846567 
0.8000000000000096 0.6499999999999997 0.5308784042961258 0.011123897199846567 
0.8000000000000096 0.5999999999999996 0.5109321058688148 0.013425393172228616 
0.8000000000000096 0.5499999999999996 0.5024932873034139 0.015726889144610665 
0.8000000000000096 0.4999999999999996 0.5343306482546989 0.016877637130801686 
0.8000000000000096 0.4499999999999996 0.4994246260069045 0.019562715765247412 
0.8000000000000096 0.39999999999999963 0.49060222477944 0.02838511699271193 
0.8000000000000096 0.34999999999999964 0.5163022631377062 0.038358266206367474 
0.8000000000000096 0.29999999999999966 0.5270425776754891 0.037591100882240124 
0.8000000000000096 0.24999999999999967 0.5186037591100883 0.04411200613732259 
0.8000000000000096 0.19999999999999968 0.5147679324894515 0.05485232067510549 
0.8000000000000096 0.1499999999999997 0.44572305331799 0.14806290755657844 
0.8000000000000096 0.09999999999999969 0.42270809359416955 0.1956271576524741 
0.8000000000000096 0.049999999999999684 0.4315304948216341 0.1852704257767549 
