2.0500000000000105 1.0 0.5427694668200997 0.0019179133103183737 
2.0500000000000105 0.95 0.5435366321442271 0.0019179133103183737 
2.0500000000000105 0.8999999999999999 0.5435366321442271 0.0019179133103183737 
2.0500000000000105 0.8499999999999999 0.5431530494821634 0.0019179133103183737 
2.0500000000000105 0.7999999999999998 0.5435366321442271 0.0023014959723820483 
2.0500000000000105 0.7499999999999998 0.5427694668200997 0.0023014959723820483 
2.0500000000000105 0.6999999999999997 0.5420023014959724 0.0023014959723820483 
2.0500000000000105 0.6499999999999997 0.5439202148062907 0.002685078634445723 
2.0500000000000105 0.5999999999999996 0.5439202148062907 0.0030686612965093976 
2.0500000000000105 0.5499999999999996 0.5174530111238972 0.0030686612965093976 
2.0500000000000105 0.4999999999999996 0.5174530111238972 0.0030686612965093976 
2.0500000000000105 0.4499999999999996 0.5174530111238972 0.0030686612965093976 
2.0500000000000105 0.39999999999999963 0.5178365937859609 0.0030686612965093976 
2.0500000000000105 0.34999999999999964 0.5189873417721519 0.002685078634445723 
2.0500000000000105 0.29999999999999966 0.5220560030686613 0.002685078634445723 
2.0500000000000105 0.24999999999999967 0.5209052550824703 0.0030686612965093976 
2.0500000000000105 0.19999999999999968 0.5216724204065977 0.0030686612965093976 
2.0500000000000105 0.1499999999999997 0.5151515151515151 0.0030686612965093976 
2.0500000000000105 0.09999999999999969 0.520138089758343 0.004986574606827772 
2.0500000000000105 0.049999999999999684 0.5220560030686613 0.004219409282700422 
