0.40000000000000935 1.0 0.5116992711929421 0.016494054468738015 

0.40000000000000935 0.95 0.5140007671653242 0.018795550441120062 
0.40000000000000935 0.8999999999999999 0.5538933640199463 0.01380897583429229 
0.40000000000000935 0.8499999999999999 0.5469888761028001 0.016494054468738015 
0.40000000000000935 0.7999999999999998 0.542385884158036 0.019946298427311087 
0.40000000000000935 0.7499999999999998 0.5024932873034139 0.02531645569620253 
0.40000000000000935 0.6999999999999997 0.491752972765631 0.0364403528960491 
0.40000000000000935 0.6499999999999997 0.5155350978135789 0.03222094361334868 
0.40000000000000935 0.5999999999999996 0.5312619869581895 0.03567318757192175 

0.40000000000000935 0.5499999999999996 0.46643651706942846 0.13195243574990412 
0.40000000000000935 0.4999999999999996 0.47871116225546606 0.13924050632911392 
0.40000000000000935 0.4499999999999996 0.46988876102800153 0.16647487533563482 
0.40000000000000935 0.39999999999999963 0.41963943229766015 0.20368239355581128 
0.40000000000000935 0.34999999999999964 0.4050632911392405 0.22669735327963175 
0.40000000000000935 0.29999999999999966 0.2976601457614116 0.46336785577291906 
0.40000000000000935 0.24999999999999967 0.2596854622171078 0.5170694284618336 
0.40000000000000935 0.19999999999999968 0.2201764480245493 0.5991561181434599 
0.40000000000000935 0.1499999999999997 0.19984656693517452 0.6371308016877637 

0.40000000000000935 0.09999999999999969 0.17568085922516302 0.6586114307633295 
0.40000000000000935 0.049999999999999684 0.14959723820483314 0.70042194092827 

