0.5500000000000094 1.0 0.5354813962408899 0.009589566551591868 
0.5500000000000094 0.95 0.5339470655926352 0.009205983889528193 
0.5500000000000094 0.8999999999999999 0.5546605293440736 0.010356731875719217 
0.5500000000000094 0.8499999999999999 0.551975450709628 0.01380897583429229 
0.5500000000000094 0.7999999999999998 0.5512082853855006 0.01380897583429229 
0.5500000000000094 0.7499999999999998 0.5469888761028001 0.01611047180667434 

0.5500000000000094 0.6999999999999997 0.5366321442270809 0.017644802454929037 
0.5500000000000094 0.6499999999999997 0.5308784042961258 0.018795550441120062 
0.5500000000000094 0.5999999999999996 0.491752972765631 0.02991944764096663 
0.5500000000000094 0.5499999999999996 0.48830072880705794 0.03605677023398542 
0.5500000000000094 0.4999999999999996 0.5393172228615266 0.03375527426160337 
0.5500000000000094 0.4499999999999996 0.5285769083237438 0.04181051016494054 
0.5500000000000094 0.39999999999999963 0.47257383966244726 0.12006137322593019 
0.5500000000000094 0.34999999999999964 0.45416187188339086 0.15304948216340622 
0.5500000000000094 0.29999999999999966 0.46528576908323743 0.1729957805907173 
0.5500000000000094 0.24999999999999967 0.4491752972765631 0.19792865362485615 
0.5500000000000094 0.19999999999999968 0.4085155350978136 0.21825853471423093 
0.5500000000000094 0.1499999999999997 0.3908707326428845 0.26774069812044493 
0.5500000000000094 0.09999999999999969 0.36325278097429997 0.29037207518220176 
0.5500000000000094 0.049999999999999684 0.30149597238204834 0.4062140391254315 
