2.6500000000000083 1.0 0.5443037974683544 0.0019179133103183737 
2.6500000000000083 0.95 0.5435366321442271 0.0019179133103183737 
2.6500000000000083 0.8999999999999999 0.5435366321442271 0.0019179133103183737 
2.6500000000000083 0.8499999999999999 0.5435366321442271 0.0019179133103183737 
2.6500000000000083 0.7999999999999998 0.5431530494821634 0.0019179133103183737 
2.6500000000000083 0.7499999999999998 0.5435366321442271 0.0019179133103183737 
2.6500000000000083 0.6999999999999997 0.5435366321442271 0.0019179133103183737 
2.6500000000000083 0.6499999999999997 0.5439202148062907 0.0019179133103183737 
2.6500000000000083 0.5999999999999996 0.5439202148062907 0.0019179133103183737 
2.6500000000000083 0.5499999999999996 0.5443037974683544 0.0019179133103183737 
2.6500000000000083 0.4999999999999996 0.5450709627924818 0.0019179133103183737 
2.6500000000000083 0.4499999999999996 0.5450709627924818 0.0019179133103183737 
2.6500000000000083 0.39999999999999963 0.5454545454545454 0.0019179133103183737 
2.6500000000000083 0.34999999999999964 0.5450709627924818 0.0019179133103183737 
2.6500000000000083 0.29999999999999966 0.5439202148062907 0.0019179133103183737 
2.6500000000000083 0.24999999999999967 0.5431530494821634 0.0019179133103183737 
2.6500000000000083 0.19999999999999968 0.5427694668200997 0.0019179133103183737 
2.6500000000000083 0.1499999999999997 0.5427694668200997 0.002685078634445723 
2.6500000000000083 0.09999999999999969 0.5420023014959724 0.002685078634445723 
2.6500000000000083 0.049999999999999684 0.5189873417721519 0.0023014959723820483 
